0.000000000000000000e+00
6.249999999999912070e+00
1.249999999999955769e+01
1.874999999999998224e+01
2.500000000000140332e+01
3.125000000000282441e+01
3.750000000000424194e+01
4.375000000000566303e+01
5.000000000000708411e+01
5.625000000000850520e+01
6.250000000000992628e+01
6.875000000000594014e+01
7.500000000000025580e+01
8.124999999999457145e+01
8.749999999998888711e+01
9.374999999998320277e+01
9.999999999997751843e+01
1.062499999999718341e+02
1.124999999999661497e+02
1.187499999999604654e+02
1.249999999999547811e+02
1.312499999999490967e+02
1.374999999999434124e+02
1.437499999999377280e+02
1.499999999999320437e+02
1.562499999999263594e+02
1.624999999999206750e+02
1.687499999999149907e+02
1.749999999999093063e+02
1.812499999999036220e+02
1.874999999998979376e+02
1.937499999998922533e+02
1.999999999998865690e+02
2.062499999998808846e+02
2.124999999998752003e+02
2.187499999998695159e+02
2.249999999998638316e+02
2.312499999998581472e+02
2.374999999998524629e+02
2.437499999998467786e+02
2.499999999998410942e+02
2.562499999998365183e+02
2.624999999998592557e+02
2.687499999998819931e+02
2.749999999999047304e+02
2.812499999999274678e+02
2.874999999999502052e+02
2.937499999999729425e+02
2.999999999999956799e+02
3.062500000000184173e+02
3.125000000000411546e+02
3.187500000000638920e+02
3.250000000000866294e+02
3.312500000001093667e+02
3.375000000001321041e+02
3.437500000001548415e+02
3.500000000001775788e+02
3.562500000002003162e+02
3.625000000002230536e+02
3.687500000002457909e+02
3.750000000002685283e+02
3.812500000002912657e+02
3.875000000003140030e+02
3.937500000003367404e+02
4.000000000003594778e+02
4.062500000003822151e+02
4.125000000004049525e+02
4.187500000004276899e+02
4.250000000004504273e+02
4.312500000004731646e+02
4.375000000004959020e+02
4.437500000005186394e+02
4.500000000005413767e+02
4.562500000005641141e+02
4.625000000005868515e+02
4.687500000006095888e+02
4.750000000006323262e+02
4.812500000006550636e+02
4.875000000006778009e+02
4.937500000007005383e+02
5.000000000007232757e+02
5.062500000007460130e+02
5.125000000007687504e+02
5.187500000007914878e+02
5.250000000008142251e+02
5.312500000008369625e+02
5.375000000008596999e+02
5.437500000008824372e+02
5.500000000009051746e+02
5.562500000009279120e+02
5.625000000009506493e+02
5.687500000009733867e+02
5.750000000009961241e+02
5.812500000010188614e+02
5.875000000010415988e+02
5.937500000010643362e+02
6.000000000010870735e+02
6.062500000011098109e+02
6.125000000011325483e+02
6.187500000011552856e+02
6.250000000011780230e+02
6.312500000012007604e+02
6.375000000012234977e+02
6.437500000012462351e+02
6.500000000012689725e+02
6.562500000012917099e+02
6.625000000013144472e+02
6.687500000013371846e+02
6.750000000013599220e+02
6.812500000013826593e+02
6.875000000014053967e+02
6.937500000014281341e+02
7.000000000014508714e+02
7.062500000014736088e+02
7.125000000014963462e+02
7.187500000015190835e+02
7.250000000015418209e+02
7.312500000015645583e+02
7.375000000015872956e+02
7.437500000016100330e+02
7.500000000016327704e+02
7.562500000016555077e+02
7.625000000016782451e+02
7.687500000017009825e+02
7.750000000017237198e+02
7.812500000017464572e+02
7.875000000017691946e+02
7.937500000017919319e+02
8.000000000018146693e+02
8.062500000018374067e+02
8.125000000018601440e+02
8.187500000018828814e+02
8.250000000019056188e+02
8.312500000019283561e+02
8.375000000019510935e+02
8.437500000019738309e+02
8.500000000019965682e+02
8.562500000020193056e+02
8.625000000020420430e+02
8.687500000020647803e+02
8.750000000020875177e+02
8.812500000021102551e+02
8.875000000021329924e+02
8.937500000021557298e+02
9.000000000021784672e+02
9.062500000022012046e+02
9.125000000022239419e+02
9.187500000022466793e+02
9.250000000022694167e+02
9.312500000022921540e+02
9.375000000023148914e+02
9.437500000023376288e+02
9.500000000023603661e+02
9.562500000023831035e+02
9.625000000024058409e+02
9.687500000024285782e+02
9.750000000024513156e+02
9.812500000024740530e+02
9.875000000024967903e+02
9.937500000025195277e+02
