0.000000000000000000e+00
3.125000000000000000e-02
6.249999999999999306e-02
9.375000000000001388e-02
1.250000000000000278e-01
1.562500000000000555e-01
1.875000000000000833e-01
2.187500000000001110e-01
2.500000000000001110e-01
2.812500000000000000e-01
3.124999999999998890e-01
3.437499999999997780e-01
3.749999999999996669e-01
4.062499999999995559e-01
4.374999999999994449e-01
4.687499999999993339e-01
4.999999999999992228e-01
5.312499999999991118e-01
5.624999999999990008e-01
5.937499999999988898e-01
6.249999999999987788e-01
6.562499999999986677e-01
6.874999999999985567e-01
7.187499999999984457e-01
7.499999999999983347e-01
7.812499999999982236e-01
8.124999999999981126e-01
8.437499999999980016e-01
8.749999999999978906e-01
9.062499999999977796e-01
9.374999999999976685e-01
9.687499999999975575e-01
9.999999999999974465e-01
1.031249999999997780e+00
1.062499999999998224e+00
1.093749999999998668e+00
1.124999999999999112e+00
1.156249999999999556e+00
1.187500000000000000e+00
1.218750000000000444e+00
1.250000000000000888e+00
