0.000000000000000000e+00
3.125000000000000000e-02
6.249999999999999306e-02
9.375000000000001388e-02
1.250000000000000278e-01
1.562500000000000555e-01
1.875000000000000833e-01
2.187500000000001110e-01
2.500000000000001110e-01
2.812500000000000000e-01
3.124999999999998890e-01
3.437499999999997780e-01
3.749999999999996669e-01
4.062499999999995559e-01
4.374999999999994449e-01
4.687499999999993339e-01
4.999999999999992228e-01
5.312499999999991118e-01
5.624999999999990008e-01
5.937499999999988898e-01
6.249999999999987788e-01
6.562499999999986677e-01
6.874999999999985567e-01
7.187499999999984457e-01
7.499999999999983347e-01
7.812499999999982236e-01
8.124999999999981126e-01
8.437499999999980016e-01
8.749999999999978906e-01
9.062499999999977796e-01
9.374999999999976685e-01
9.687499999999975575e-01
9.999999999999974465e-01
1.031249999999997780e+00
1.062499999999998224e+00
1.093749999999998668e+00
1.124999999999999112e+00
1.156249999999999556e+00
1.187500000000000000e+00
1.218750000000000444e+00
1.250000000000000888e+00
1.281250000000001332e+00
1.312500000000001776e+00
1.343750000000002220e+00
1.375000000000002665e+00
1.406250000000003109e+00
1.437500000000003553e+00
1.468750000000003997e+00
1.500000000000004441e+00
1.531250000000004885e+00
1.562500000000005329e+00
1.593750000000005773e+00
1.625000000000006217e+00
1.656250000000006661e+00
1.687500000000007105e+00
1.718750000000007550e+00
1.750000000000007994e+00
1.781250000000008438e+00
1.812500000000008882e+00
1.843750000000009326e+00
1.875000000000009770e+00
1.906250000000010214e+00
1.937500000000010658e+00
1.968750000000011102e+00
2.000000000000011546e+00
2.031250000000011990e+00
2.062500000000012434e+00
2.093750000000012879e+00
2.125000000000013323e+00
2.156250000000013767e+00
2.187500000000014211e+00
2.218750000000014655e+00
2.250000000000015099e+00
2.281250000000015543e+00
2.312500000000015987e+00
2.343750000000016431e+00
2.375000000000016875e+00
2.406250000000017319e+00
2.437500000000017764e+00
2.468750000000018208e+00
2.500000000000018652e+00
2.531250000000019096e+00
2.562500000000019540e+00
2.593750000000019984e+00
2.625000000000020428e+00
2.656250000000020872e+00
2.687500000000021316e+00
2.718750000000021760e+00
2.750000000000022204e+00
2.781250000000022649e+00
2.812500000000023093e+00
2.843750000000023537e+00
2.875000000000023981e+00
2.906250000000024425e+00
2.937500000000024869e+00
2.968750000000025313e+00
3.000000000000025757e+00
3.031250000000026201e+00
3.062500000000026645e+00
3.093750000000027089e+00
3.125000000000027534e+00
3.156250000000027978e+00
3.187500000000028422e+00
3.218750000000028866e+00
3.250000000000029310e+00
3.281250000000029754e+00
3.312500000000030198e+00
3.343750000000030642e+00
3.375000000000031086e+00
3.406250000000031530e+00
3.437500000000031974e+00
3.468750000000032419e+00
3.500000000000032863e+00
3.531250000000033307e+00
3.562500000000033751e+00
3.593750000000034195e+00
3.625000000000034639e+00
3.656250000000035083e+00
3.687500000000035527e+00
3.718750000000035971e+00
3.750000000000036415e+00
3.781250000000036859e+00
3.812500000000037303e+00
3.843750000000037748e+00
3.875000000000038192e+00
3.906250000000038636e+00
3.937500000000039080e+00
3.968750000000039524e+00
4.000000000000039968e+00
4.031250000000038192e+00
4.062500000000036415e+00
4.093750000000034639e+00
4.125000000000032863e+00
4.156250000000031086e+00
4.187500000000029310e+00
4.218750000000027534e+00
4.250000000000025757e+00
4.281250000000023981e+00
4.312500000000022204e+00
4.343750000000020428e+00
4.375000000000018652e+00
4.406250000000016875e+00
4.437500000000015099e+00
4.468750000000013323e+00
4.500000000000011546e+00
4.531250000000009770e+00
4.562500000000007994e+00
4.593750000000006217e+00
4.625000000000004441e+00
4.656250000000002665e+00
4.687500000000000888e+00
4.718749999999999112e+00
