0.000000000000000000e+00
3.125000000000000000e-02
6.249999999999999306e-02
9.375000000000001388e-02
1.250000000000000278e-01
1.562500000000000555e-01
1.875000000000000833e-01
2.187500000000001110e-01
2.500000000000001110e-01
2.812500000000000000e-01
3.124999999999998890e-01
3.437499999999997780e-01
3.749999999999996669e-01
4.062499999999995559e-01
4.374999999999994449e-01
4.687499999999993339e-01
4.999999999999992228e-01
5.312499999999991118e-01
5.624999999999990008e-01
5.937499999999988898e-01
6.249999999999987788e-01
6.562499999999986677e-01
6.874999999999985567e-01
7.187499999999984457e-01
7.499999999999983347e-01
7.812499999999982236e-01
8.124999999999981126e-01
8.437499999999980016e-01
8.749999999999978906e-01
9.062499999999977796e-01
9.374999999999976685e-01
9.687499999999975575e-01
9.999999999999974465e-01
1.031249999999997780e+00
1.062499999999998224e+00
1.093749999999998668e+00
1.124999999999999112e+00
1.156249999999999556e+00
1.187500000000000000e+00
1.218750000000000444e+00
1.250000000000000888e+00
1.281250000000001332e+00
1.312500000000001776e+00
1.343750000000002220e+00
1.375000000000002665e+00
1.406250000000003109e+00
1.437500000000003553e+00
1.468750000000003997e+00
1.500000000000004441e+00
1.531250000000004885e+00
1.562500000000005329e+00
1.593750000000005773e+00
1.625000000000006217e+00
1.656250000000006661e+00
1.687500000000007105e+00
1.718750000000007550e+00
1.750000000000007994e+00
1.781250000000008438e+00
1.812500000000008882e+00
1.843750000000009326e+00
1.875000000000009770e+00
1.906250000000010214e+00
1.937500000000010658e+00
1.968750000000011102e+00
2.000000000000011546e+00
2.031250000000011990e+00
2.062500000000012434e+00
2.093750000000012879e+00
2.125000000000013323e+00
2.156250000000013767e+00
2.187500000000014211e+00
2.218750000000014655e+00
2.250000000000015099e+00
2.281250000000015543e+00
2.312500000000015987e+00
2.343750000000016431e+00
2.375000000000016875e+00
2.406250000000017319e+00
2.437500000000017764e+00
2.468750000000018208e+00
2.500000000000018652e+00
2.531250000000019096e+00
2.562500000000019540e+00
2.593750000000019984e+00
2.625000000000020428e+00
2.656250000000020872e+00
2.687500000000021316e+00
2.718750000000021760e+00
2.750000000000022204e+00
2.781250000000022649e+00
2.812500000000023093e+00
2.843750000000023537e+00
2.875000000000023981e+00
2.906250000000024425e+00
2.937500000000024869e+00
2.968750000000025313e+00
3.000000000000025757e+00
3.031250000000026201e+00
3.062500000000026645e+00
3.093750000000027089e+00
3.125000000000027534e+00
3.156250000000027978e+00
3.187500000000028422e+00
3.218750000000028866e+00
3.250000000000029310e+00
3.281250000000029754e+00
3.312500000000030198e+00
3.343750000000030642e+00
3.375000000000031086e+00
3.406250000000031530e+00
3.437500000000031974e+00
3.468750000000032419e+00
3.500000000000032863e+00
3.531250000000033307e+00
3.562500000000033751e+00
3.593750000000034195e+00
3.625000000000034639e+00
3.656250000000035083e+00
3.687500000000035527e+00
3.718750000000035971e+00
3.750000000000036415e+00
3.781250000000036859e+00
3.812500000000037303e+00
3.843750000000037748e+00
3.875000000000038192e+00
3.906250000000038636e+00
3.937500000000039080e+00
3.968750000000039524e+00
4.000000000000039968e+00
4.031250000000038192e+00
4.062500000000036415e+00
4.093750000000034639e+00
4.125000000000032863e+00
4.156250000000031086e+00
4.187500000000029310e+00
4.218750000000027534e+00
4.250000000000025757e+00
4.281250000000023981e+00
4.312500000000022204e+00
4.343750000000020428e+00
4.375000000000018652e+00
4.406250000000016875e+00
4.437500000000015099e+00
4.468750000000013323e+00
4.500000000000011546e+00
4.531250000000009770e+00
4.562500000000007994e+00
4.593750000000006217e+00
4.625000000000004441e+00
4.656250000000002665e+00
4.687500000000000888e+00
4.718749999999999112e+00
4.749999999999997335e+00
4.781249999999995559e+00
4.812499999999993783e+00
4.843749999999992006e+00
4.874999999999990230e+00
4.906249999999988454e+00
4.937499999999986677e+00
4.968749999999984901e+00
4.999999999999983125e+00
5.031249999999981348e+00
5.062499999999979572e+00
5.093749999999977796e+00
5.124999999999976019e+00
5.156249999999974243e+00
5.187499999999972466e+00
5.218749999999970690e+00
5.249999999999968914e+00
5.281249999999967137e+00
5.312499999999965361e+00
5.343749999999963585e+00
5.374999999999961808e+00
5.406249999999960032e+00
5.437499999999958256e+00
5.468749999999956479e+00
5.499999999999954703e+00
5.531249999999952927e+00
5.562499999999951150e+00
5.593749999999949374e+00
5.624999999999947597e+00
5.656249999999945821e+00
5.687499999999944045e+00
5.718749999999942268e+00
5.749999999999940492e+00
5.781249999999938716e+00
5.812499999999936939e+00
5.843749999999935163e+00
5.874999999999933387e+00
5.906249999999931610e+00
5.937499999999929834e+00
5.968749999999928058e+00
5.999999999999926281e+00
6.031249999999924505e+00
6.062499999999922728e+00
6.093749999999920952e+00
6.124999999999919176e+00
6.156249999999917399e+00
6.187499999999915623e+00
6.218749999999913847e+00
6.249999999999912070e+00
6.281249999999910294e+00
6.312499999999908518e+00
6.343749999999906741e+00
6.374999999999904965e+00
6.406249999999903189e+00
6.437499999999901412e+00
6.468749999999899636e+00
6.499999999999897859e+00
6.531249999999896083e+00
6.562499999999894307e+00
6.593749999999892530e+00
6.624999999999890754e+00
6.656249999999888978e+00
6.687499999999887201e+00
6.718749999999885425e+00
6.749999999999883649e+00
6.781249999999881872e+00
6.812499999999880096e+00
6.843749999999878320e+00
6.874999999999876543e+00
6.906249999999874767e+00
6.937499999999872990e+00
6.968749999999871214e+00
6.999999999999869438e+00
7.031249999999867661e+00
7.062499999999865885e+00
7.093749999999864109e+00
7.124999999999862332e+00
7.156249999999860556e+00
7.187499999999858780e+00
7.218749999999857003e+00
7.249999999999855227e+00
7.281249999999853451e+00
7.312499999999851674e+00
7.343749999999849898e+00
7.374999999999848121e+00
7.406249999999846345e+00
7.437499999999844569e+00
7.468749999999842792e+00
7.499999999999841016e+00
7.531249999999839240e+00
7.562499999999837463e+00
7.593749999999835687e+00
7.624999999999833911e+00
7.656249999999832134e+00
7.687499999999830358e+00
7.718749999999828582e+00
7.749999999999826805e+00
7.781249999999825029e+00
7.812499999999823252e+00
7.843749999999821476e+00
7.874999999999819700e+00
7.906249999999817923e+00
7.937499999999816147e+00
7.968749999999814371e+00
7.999999999999812594e+00
8.031249999999811706e+00
8.062499999999809930e+00
8.093749999999808153e+00
8.124999999999806377e+00
8.156249999999804601e+00
8.187499999999802824e+00
8.218749999999801048e+00
8.249999999999799272e+00
8.281249999999797495e+00
8.312499999999795719e+00
8.343749999999793943e+00
8.374999999999792166e+00
8.406249999999790390e+00
8.437499999999788614e+00
8.468749999999786837e+00
8.499999999999785061e+00
8.531249999999783284e+00
8.562499999999781508e+00
8.593749999999779732e+00
8.624999999999777955e+00
8.656249999999776179e+00
8.687499999999774403e+00
8.718749999999772626e+00
8.749999999999770850e+00
8.781249999999769074e+00
8.812499999999767297e+00
8.843749999999765521e+00
8.874999999999763745e+00
8.906249999999761968e+00
8.937499999999760192e+00
8.968749999999758415e+00
8.999999999999756639e+00
9.031249999999754863e+00
9.062499999999753086e+00
9.093749999999751310e+00
9.124999999999749534e+00
9.156249999999747757e+00
9.187499999999745981e+00
9.218749999999744205e+00
9.249999999999742428e+00
9.281249999999740652e+00
9.312499999999738876e+00
9.343749999999737099e+00
9.374999999999735323e+00
9.406249999999733546e+00
9.437499999999731770e+00
9.468749999999729994e+00
9.499999999999728217e+00
9.531249999999726441e+00
9.562499999999724665e+00
9.593749999999722888e+00
9.624999999999721112e+00
9.656249999999719336e+00
9.687499999999717559e+00
9.718749999999715783e+00
9.749999999999714007e+00
9.781249999999712230e+00
9.812499999999710454e+00
9.843749999999708677e+00
9.874999999999706901e+00
9.906249999999705125e+00
9.937499999999703348e+00
9.968749999999701572e+00
9.999999999999699796e+00
1.003124999999969802e+01
1.006249999999969624e+01
1.009374999999969447e+01
1.012499999999969269e+01
1.015624999999969091e+01
1.018749999999968914e+01
1.021874999999968736e+01
1.024999999999968558e+01
1.028124999999968381e+01
1.031249999999968203e+01
1.034374999999968026e+01
1.037499999999967848e+01
1.040624999999967670e+01
1.043749999999967493e+01
1.046874999999967315e+01
1.049999999999967137e+01
1.053124999999966960e+01
1.056249999999966782e+01
1.059374999999966604e+01
1.062499999999966427e+01
1.065624999999966249e+01
1.068749999999966072e+01
1.071874999999965894e+01
1.074999999999965716e+01
1.078124999999965539e+01
1.081249999999965361e+01
1.084374999999965183e+01
1.087499999999965006e+01
1.090624999999964828e+01
1.093749999999964650e+01
1.096874999999964473e+01
1.099999999999964295e+01
1.103124999999964118e+01
1.106249999999963940e+01
1.109374999999963762e+01
1.112499999999963585e+01
1.115624999999963407e+01
1.118749999999963229e+01
1.121874999999963052e+01
1.124999999999962874e+01
1.128124999999962697e+01
1.131249999999962519e+01
1.134374999999962341e+01
1.137499999999962164e+01
1.140624999999961986e+01
1.143749999999961808e+01
1.146874999999961631e+01
1.149999999999961453e+01
1.153124999999961275e+01
1.156249999999961098e+01
1.159374999999960920e+01
1.162499999999960743e+01
1.165624999999960565e+01
1.168749999999960387e+01
1.171874999999960210e+01
1.174999999999960032e+01
1.178124999999959854e+01
1.181249999999959677e+01
1.184374999999959499e+01
1.187499999999959321e+01
1.190624999999959144e+01
1.193749999999958966e+01
1.196874999999958789e+01
1.199999999999958611e+01
1.203124999999958433e+01
1.206249999999958256e+01
1.209374999999958078e+01
1.212499999999957900e+01
1.215624999999957723e+01
1.218749999999957545e+01
1.221874999999957367e+01
1.224999999999957190e+01
1.228124999999957012e+01
1.231249999999956835e+01
1.234374999999956657e+01
1.237499999999956479e+01
1.240624999999956302e+01
1.243749999999956124e+01
1.246874999999955946e+01
1.249999999999955769e+01
1.253124999999955591e+01
1.256249999999955413e+01
1.259374999999955236e+01
1.262499999999955058e+01
1.265624999999954881e+01
1.268749999999954703e+01
1.271874999999954525e+01
1.274999999999954348e+01
1.278124999999954170e+01
1.281249999999953992e+01
1.284374999999953815e+01
1.287499999999953637e+01
1.290624999999953459e+01
1.293749999999953282e+01
1.296874999999953104e+01
1.299999999999952927e+01
1.303124999999952749e+01
1.306249999999952571e+01
1.309374999999952394e+01
1.312499999999952216e+01
1.315624999999952038e+01
1.318749999999951861e+01
1.321874999999951683e+01
1.324999999999951505e+01
1.328124999999951328e+01
1.331249999999951150e+01
1.334374999999950973e+01
1.337499999999950795e+01
1.340624999999950617e+01
1.343749999999950440e+01
1.346874999999950262e+01
1.349999999999950084e+01
1.353124999999949907e+01
1.356249999999949729e+01
1.359374999999949551e+01
1.362499999999949374e+01
1.365624999999949196e+01
1.368749999999949019e+01
1.371874999999948841e+01
1.374999999999948663e+01
1.378124999999948486e+01
1.381249999999948308e+01
1.384374999999948130e+01
1.387499999999947953e+01
1.390624999999947775e+01
1.393749999999947597e+01
1.396874999999947420e+01
1.399999999999947242e+01
1.403124999999947065e+01
1.406249999999946887e+01
1.409374999999946709e+01
1.412499999999946532e+01
1.415624999999946354e+01
1.418749999999946176e+01
1.421874999999945999e+01
1.424999999999945821e+01
1.428124999999945643e+01
1.431249999999945466e+01
1.434374999999945288e+01
1.437499999999945111e+01
1.440624999999944933e+01
1.443749999999944755e+01
1.446874999999944578e+01
1.449999999999944400e+01
1.453124999999944222e+01
1.456249999999944045e+01
1.459374999999943867e+01
1.462499999999943689e+01
1.465624999999943512e+01
1.468749999999943334e+01
1.471874999999943157e+01
1.474999999999942979e+01
1.478124999999942801e+01
1.481249999999942624e+01
1.484374999999942446e+01
1.487499999999942268e+01
1.490624999999942091e+01
1.493749999999941913e+01
1.496874999999941735e+01
1.499999999999941558e+01
1.503124999999941380e+01
1.506249999999941203e+01
1.509374999999941025e+01
1.512499999999940847e+01
1.515624999999940670e+01
1.518749999999940492e+01
1.521874999999940314e+01
1.524999999999940137e+01
1.528124999999939959e+01
1.531249999999939782e+01
1.534374999999939604e+01
1.537499999999939426e+01
1.540624999999939249e+01
1.543749999999939071e+01
1.546874999999938893e+01
1.549999999999938716e+01
1.553124999999938538e+01
1.556249999999938360e+01
1.559374999999938183e+01
1.562499999999938005e+01
1.565624999999937828e+01
1.568749999999937650e+01
1.571874999999937472e+01
1.574999999999937295e+01
1.578124999999937117e+01
1.581249999999936939e+01
1.584374999999936762e+01
1.587499999999936584e+01
1.590624999999936406e+01
1.593749999999936229e+01
1.596874999999936051e+01
1.599999999999935874e+01
1.603124999999936406e+01
1.606249999999937117e+01
1.609374999999937828e+01
1.612499999999938538e+01
1.615624999999939249e+01
1.618749999999939959e+01
1.621874999999940670e+01
1.624999999999941380e+01
1.628124999999942091e+01
1.631249999999942801e+01
1.634374999999943512e+01
1.637499999999944222e+01
1.640624999999944933e+01
1.643749999999945643e+01
1.646874999999946354e+01
1.649999999999947065e+01
1.653124999999947775e+01
1.656249999999948486e+01
1.659374999999949196e+01
1.662499999999949907e+01
1.665624999999950617e+01
1.668749999999951328e+01
1.671874999999952038e+01
1.674999999999952749e+01
1.678124999999953459e+01
1.681249999999954170e+01
1.684374999999954881e+01
1.687499999999955591e+01
1.690624999999956302e+01
1.693749999999957012e+01
1.696874999999957723e+01
1.699999999999958433e+01
1.703124999999959144e+01
1.706249999999959854e+01
1.709374999999960565e+01
1.712499999999961275e+01
1.715624999999961986e+01
1.718749999999962697e+01
1.721874999999963407e+01
1.724999999999964118e+01
1.728124999999964828e+01
1.731249999999965539e+01
1.734374999999966249e+01
1.737499999999966960e+01
1.740624999999967670e+01
1.743749999999968381e+01
1.746874999999969091e+01
1.749999999999969802e+01
1.753124999999970512e+01
1.756249999999971223e+01
1.759374999999971934e+01
1.762499999999972644e+01
1.765624999999973355e+01
1.768749999999974065e+01
1.771874999999974776e+01
1.774999999999975486e+01
1.778124999999976197e+01
1.781249999999976907e+01
1.784374999999977618e+01
1.787499999999978328e+01
1.790624999999979039e+01
1.793749999999979750e+01
1.796874999999980460e+01
1.799999999999981171e+01
1.803124999999981881e+01
1.806249999999982592e+01
1.809374999999983302e+01
1.812499999999984013e+01
1.815624999999984723e+01
1.818749999999985434e+01
1.821874999999986144e+01
1.824999999999986855e+01
1.828124999999987566e+01
1.831249999999988276e+01
1.834374999999988987e+01
1.837499999999989697e+01
1.840624999999990408e+01
1.843749999999991118e+01
1.846874999999991829e+01
1.849999999999992539e+01
1.853124999999993250e+01
1.856249999999993960e+01
1.859374999999994671e+01
1.862499999999995381e+01
1.865624999999996092e+01
1.868749999999996803e+01
1.871874999999997513e+01
1.874999999999998224e+01
1.878124999999998934e+01
1.881249999999999645e+01
1.884375000000000355e+01
1.887500000000001066e+01
1.890625000000001776e+01
1.893750000000002487e+01
1.896875000000003197e+01
1.900000000000003908e+01
1.903125000000004619e+01
1.906250000000005329e+01
1.909375000000006040e+01
1.912500000000006750e+01
1.915625000000007461e+01
1.918750000000008171e+01
1.921875000000008882e+01
1.925000000000009592e+01
1.928125000000010303e+01
1.931250000000011013e+01
1.934375000000011724e+01
1.937500000000012434e+01
1.940625000000013145e+01
1.943750000000013856e+01
1.946875000000014566e+01
1.950000000000015277e+01
1.953125000000015987e+01
1.956250000000016698e+01
1.959375000000017408e+01
1.962500000000018119e+01
1.965625000000018829e+01
1.968750000000019540e+01
1.971875000000020250e+01
1.975000000000020961e+01
1.978125000000021672e+01
1.981250000000022382e+01
1.984375000000023093e+01
1.987500000000023803e+01
1.990625000000024514e+01
1.993750000000025224e+01
1.996875000000025935e+01
2.000000000000026645e+01
2.003125000000027356e+01
2.006250000000028066e+01
2.009375000000028777e+01
2.012500000000029488e+01
2.015625000000030198e+01
2.018750000000030909e+01
2.021875000000031619e+01
2.025000000000032330e+01
2.028125000000033040e+01
2.031250000000033751e+01
2.034375000000034461e+01
2.037500000000035172e+01
2.040625000000035882e+01
2.043750000000036593e+01
2.046875000000037303e+01
2.050000000000038014e+01
2.053125000000038725e+01
2.056250000000039435e+01
2.059375000000040146e+01
2.062500000000040856e+01
2.065625000000041567e+01
2.068750000000042277e+01
2.071875000000042988e+01
2.075000000000043698e+01
2.078125000000044409e+01
2.081250000000045119e+01
2.084375000000045830e+01
2.087500000000046541e+01
2.090625000000047251e+01
2.093750000000047962e+01
2.096875000000048672e+01
2.100000000000049383e+01
2.103125000000050093e+01
2.106250000000050804e+01
2.109375000000051514e+01
2.112500000000052225e+01
2.115625000000052935e+01
2.118750000000053646e+01
2.121875000000054357e+01
2.125000000000055067e+01
2.128125000000055778e+01
2.131250000000056488e+01
2.134375000000057199e+01
2.137500000000057909e+01
2.140625000000058620e+01
2.143750000000059330e+01
2.146875000000060041e+01
2.150000000000060751e+01
2.153125000000061462e+01
2.156250000000062172e+01
2.159375000000062883e+01
2.162500000000063594e+01
2.165625000000064304e+01
2.168750000000065015e+01
2.171875000000065725e+01
2.175000000000066436e+01
2.178125000000067146e+01
2.181250000000067857e+01
2.184375000000068567e+01
2.187500000000069278e+01
2.190625000000069988e+01
2.193750000000070699e+01
2.196875000000071410e+01
2.200000000000072120e+01
2.203125000000072831e+01
2.206250000000073541e+01
2.209375000000074252e+01
2.212500000000074962e+01
2.215625000000075673e+01
2.218750000000076383e+01
2.221875000000077094e+01
2.225000000000077804e+01
2.228125000000078515e+01
2.231250000000079226e+01
2.234375000000079936e+01
2.237500000000080647e+01
2.240625000000081357e+01
2.243750000000082068e+01
2.246875000000082778e+01
2.250000000000083489e+01
2.253125000000084199e+01
2.256250000000084910e+01
2.259375000000085620e+01
2.262500000000086331e+01
2.265625000000087041e+01
2.268750000000087752e+01
2.271875000000088463e+01
2.275000000000089173e+01
2.278125000000089884e+01
2.281250000000090594e+01
2.284375000000091305e+01
2.287500000000092015e+01
2.290625000000092726e+01
2.293750000000093436e+01
2.296875000000094147e+01
2.300000000000094857e+01
2.303125000000095568e+01
2.306250000000096279e+01
2.309375000000096989e+01
2.312500000000097700e+01
2.315625000000098410e+01
2.318750000000099121e+01
2.321875000000099831e+01
2.325000000000100542e+01
2.328125000000101252e+01
2.331250000000101963e+01
2.334375000000102673e+01
2.337500000000103384e+01
2.340625000000104095e+01
2.343750000000104805e+01
2.346875000000105516e+01
2.350000000000106226e+01
2.353125000000106937e+01
2.356250000000107647e+01
2.359375000000108358e+01
2.362500000000109068e+01
2.365625000000109779e+01
2.368750000000110489e+01
2.371875000000111200e+01
2.375000000000111910e+01
2.378125000000112621e+01
2.381250000000113332e+01
2.384375000000114042e+01
2.387500000000114753e+01
2.390625000000115463e+01
2.393750000000116174e+01
2.396875000000116884e+01
2.400000000000117595e+01
2.403125000000118305e+01
2.406250000000119016e+01
2.409375000000119726e+01
2.412500000000120437e+01
2.415625000000121148e+01
2.418750000000121858e+01
2.421875000000122569e+01
2.425000000000123279e+01
2.428125000000123990e+01
2.431250000000124700e+01
2.434375000000125411e+01
2.437500000000126121e+01
2.440625000000126832e+01
2.443750000000127542e+01
2.446875000000128253e+01
2.450000000000128964e+01
2.453125000000129674e+01
2.456250000000130385e+01
2.459375000000131095e+01
2.462500000000131806e+01
2.465625000000132516e+01
2.468750000000133227e+01
2.471875000000133937e+01
2.475000000000134648e+01
2.478125000000135358e+01
2.481250000000136069e+01
2.484375000000136779e+01
2.487500000000137490e+01
2.490625000000138201e+01
2.493750000000138911e+01
2.496875000000139622e+01
2.500000000000140332e+01
2.503125000000141043e+01
2.506250000000141753e+01
2.509375000000142464e+01
2.512500000000143174e+01
2.515625000000143885e+01
2.518750000000144595e+01
2.521875000000145306e+01
2.525000000000146017e+01
2.528125000000146727e+01
2.531250000000147438e+01
2.534375000000148148e+01
2.537500000000148859e+01
2.540625000000149569e+01
2.543750000000150280e+01
2.546875000000150990e+01
2.550000000000151701e+01
2.553125000000152411e+01
2.556250000000153122e+01
2.559375000000153833e+01
2.562500000000154543e+01
2.565625000000155254e+01
2.568750000000155964e+01
2.571875000000156675e+01
2.575000000000157385e+01
2.578125000000158096e+01
2.581250000000158806e+01
2.584375000000159517e+01
2.587500000000160227e+01
2.590625000000160938e+01
2.593750000000161648e+01
2.596875000000162359e+01
2.600000000000163070e+01
2.603125000000163780e+01
2.606250000000164491e+01
2.609375000000165201e+01
2.612500000000165912e+01
2.615625000000166622e+01
2.618750000000167333e+01
2.621875000000168043e+01
2.625000000000168754e+01
2.628125000000169464e+01
2.631250000000170175e+01
2.634375000000170886e+01
2.637500000000171596e+01
2.640625000000172307e+01
2.643750000000173017e+01
2.646875000000173728e+01
2.650000000000174438e+01
2.653125000000175149e+01
2.656250000000175859e+01
2.659375000000176570e+01
2.662500000000177280e+01
2.665625000000177991e+01
2.668750000000178701e+01
2.671875000000179412e+01
2.675000000000180123e+01
2.678125000000180833e+01
2.681250000000181544e+01
2.684375000000182254e+01
2.687500000000182965e+01
2.690625000000183675e+01
2.693750000000184386e+01
2.696875000000185096e+01
2.700000000000185807e+01
2.703125000000186517e+01
2.706250000000187228e+01
2.709375000000187939e+01
2.712500000000188649e+01
2.715625000000189360e+01
2.718750000000190070e+01
2.721875000000190781e+01
2.725000000000191491e+01
2.728125000000192202e+01
2.731250000000192912e+01
2.734375000000193623e+01
2.737500000000194333e+01
2.740625000000195044e+01
2.743750000000195755e+01
2.746875000000196465e+01
2.750000000000197176e+01
2.753125000000197886e+01
2.756250000000198597e+01
2.759375000000199307e+01
2.762500000000200018e+01
2.765625000000200728e+01
2.768750000000201439e+01
2.771875000000202149e+01
2.775000000000202860e+01
2.778125000000203570e+01
2.781250000000204281e+01
2.784375000000204992e+01
2.787500000000205702e+01
2.790625000000206413e+01
2.793750000000207123e+01
2.796875000000207834e+01
2.800000000000208544e+01
2.803125000000209255e+01
2.806250000000209965e+01
2.809375000000210676e+01
2.812500000000211386e+01
2.815625000000212097e+01
2.818750000000212808e+01
2.821875000000213518e+01
2.825000000000214229e+01
2.828125000000214939e+01
2.831250000000215650e+01
2.834375000000216360e+01
2.837500000000217071e+01
2.840625000000217781e+01
2.843750000000218492e+01
2.846875000000219202e+01
2.850000000000219913e+01
2.853125000000220624e+01
2.856250000000221334e+01
2.859375000000222045e+01
2.862500000000222755e+01
2.865625000000223466e+01
2.868750000000224176e+01
2.871875000000224887e+01
2.875000000000225597e+01
2.878125000000226308e+01
2.881250000000227018e+01
2.884375000000227729e+01
2.887500000000228439e+01
2.890625000000229150e+01
2.893750000000229861e+01
2.896875000000230571e+01
2.900000000000231282e+01
2.903125000000231992e+01
2.906250000000232703e+01
2.909375000000233413e+01
2.912500000000234124e+01
2.915625000000234834e+01
2.918750000000235545e+01
2.921875000000236255e+01
2.925000000000236966e+01
2.928125000000237677e+01
2.931250000000238387e+01
2.934375000000239098e+01
2.937500000000239808e+01
2.940625000000240519e+01
2.943750000000241229e+01
2.946875000000241940e+01
2.950000000000242650e+01
2.953125000000243361e+01
2.956250000000244071e+01
2.959375000000244782e+01
2.962500000000245493e+01
2.965625000000246203e+01
2.968750000000246914e+01
2.971875000000247624e+01
2.975000000000248335e+01
2.978125000000249045e+01
2.981250000000249756e+01
2.984375000000250466e+01
2.987500000000251177e+01
2.990625000000251887e+01
2.993750000000252598e+01
2.996875000000253308e+01
3.000000000000254019e+01
3.003125000000254730e+01
3.006250000000255440e+01
3.009375000000256151e+01
3.012500000000256861e+01
3.015625000000257572e+01
3.018750000000258282e+01
3.021875000000258993e+01
3.025000000000259703e+01
3.028125000000260414e+01
3.031250000000261124e+01
3.034375000000261835e+01
3.037500000000262546e+01
3.040625000000263256e+01
3.043750000000263967e+01
3.046875000000264677e+01
3.050000000000265388e+01
3.053125000000266098e+01
3.056250000000266809e+01
3.059375000000267519e+01
3.062500000000268230e+01
3.065625000000268940e+01
3.068750000000269651e+01
3.071875000000270362e+01
3.075000000000271072e+01
3.078125000000271783e+01
3.081250000000272493e+01
3.084375000000273204e+01
3.087500000000273914e+01
3.090625000000274625e+01
3.093750000000275335e+01
3.096875000000276046e+01
3.100000000000276756e+01
3.103125000000277467e+01
3.106250000000278177e+01
3.109375000000278888e+01
3.112500000000279599e+01
3.115625000000280309e+01
3.118750000000281020e+01
3.121875000000281730e+01
3.125000000000282441e+01
3.128125000000283151e+01
3.131250000000283862e+01
3.134375000000284572e+01
3.137500000000285283e+01
3.140625000000285993e+01
3.143750000000286704e+01
3.146875000000287415e+01
3.150000000000288125e+01
3.153125000000288836e+01
3.156250000000289546e+01
3.159375000000290257e+01
3.162500000000290967e+01
3.165625000000291678e+01
3.168750000000292388e+01
3.171875000000293099e+01
3.175000000000293809e+01
3.178125000000294520e+01
3.181250000000295231e+01
3.184375000000295941e+01
3.187500000000296652e+01
3.190625000000297362e+01
3.193750000000298073e+01
3.196875000000298783e+01
3.200000000000299138e+01
3.203125000000299849e+01
3.206250000000300560e+01
3.209375000000301270e+01
3.212500000000301981e+01
3.215625000000302691e+01
3.218750000000303402e+01
3.221875000000304112e+01
3.225000000000304823e+01
3.228125000000305533e+01
3.231250000000306244e+01
3.234375000000306954e+01
3.237500000000307665e+01
3.240625000000308376e+01
3.243750000000309086e+01
3.246875000000309797e+01
3.250000000000310507e+01
3.253125000000311218e+01
3.256250000000311928e+01
3.259375000000312639e+01
3.262500000000313349e+01
3.265625000000314060e+01
3.268750000000314770e+01
3.271875000000315481e+01
3.275000000000316192e+01
3.278125000000316902e+01
3.281250000000317613e+01
3.284375000000318323e+01
3.287500000000319034e+01
3.290625000000319744e+01
3.293750000000320455e+01
3.296875000000321165e+01
3.300000000000321876e+01
3.303125000000322586e+01
3.306250000000323297e+01
3.309375000000324007e+01
3.312500000000324718e+01
3.315625000000325429e+01
3.318750000000326139e+01
3.321875000000326850e+01
3.325000000000327560e+01
3.328125000000328271e+01
3.331250000000328981e+01
3.334375000000329692e+01
3.337500000000330402e+01
3.340625000000331113e+01
3.343750000000331823e+01
3.346875000000332534e+01
3.350000000000333245e+01
3.353125000000333955e+01
3.356250000000334666e+01
3.359375000000335376e+01
3.362500000000336087e+01
3.365625000000336797e+01
3.368750000000337508e+01
3.371875000000338218e+01
3.375000000000338929e+01
3.378125000000339639e+01
3.381250000000340350e+01
3.384375000000341061e+01
3.387500000000341771e+01
3.390625000000342482e+01
3.393750000000343192e+01
3.396875000000343903e+01
3.400000000000344613e+01
3.403125000000345324e+01
3.406250000000346034e+01
3.409375000000346745e+01
3.412500000000347455e+01
3.415625000000348166e+01
3.418750000000348876e+01
3.421875000000349587e+01
3.425000000000350298e+01
3.428125000000351008e+01
3.431250000000351719e+01
3.434375000000352429e+01
3.437500000000353140e+01
3.440625000000353850e+01
3.443750000000354561e+01
3.446875000000355271e+01
3.450000000000355982e+01
3.453125000000356692e+01
3.456250000000357403e+01
3.459375000000358114e+01
3.462500000000358824e+01
3.465625000000359535e+01
3.468750000000360245e+01
3.471875000000360956e+01
3.475000000000361666e+01
3.478125000000362377e+01
3.481250000000363087e+01
3.484375000000363798e+01
3.487500000000364508e+01
3.490625000000365219e+01
3.493750000000365930e+01
3.496875000000366640e+01
3.500000000000367351e+01
3.503125000000368061e+01
3.506250000000368772e+01
3.509375000000369482e+01
3.512500000000370193e+01
3.515625000000370903e+01
3.518750000000371614e+01
3.521875000000372324e+01
3.525000000000373035e+01
3.528125000000373745e+01
3.531250000000374456e+01
3.534375000000375167e+01
3.537500000000375877e+01
3.540625000000376588e+01
3.543750000000377298e+01
3.546875000000378009e+01
3.550000000000378719e+01
3.553125000000379430e+01
3.556250000000380140e+01
3.559375000000380851e+01
3.562500000000381561e+01
3.565625000000382272e+01
3.568750000000382983e+01
3.571875000000383693e+01
3.575000000000384404e+01
3.578125000000385114e+01
3.581250000000385825e+01
3.584375000000386535e+01
3.587500000000387246e+01
3.590625000000387956e+01
3.593750000000388667e+01
3.596875000000389377e+01
3.600000000000390088e+01
3.603125000000390799e+01
3.606250000000391509e+01
3.609375000000392220e+01
3.612500000000392930e+01
3.615625000000393641e+01
3.618750000000394351e+01
3.621875000000395062e+01
3.625000000000395772e+01
3.628125000000396483e+01
3.631250000000397193e+01
3.634375000000397904e+01
3.637500000000398614e+01
3.640625000000399325e+01
3.643750000000400036e+01
3.646875000000400746e+01
3.650000000000401457e+01
3.653125000000402167e+01
3.656250000000402878e+01
3.659375000000403588e+01
3.662500000000404299e+01
3.665625000000405009e+01
3.668750000000405720e+01
3.671875000000406430e+01
3.675000000000407141e+01
3.678125000000407852e+01
3.681250000000408562e+01
3.684375000000409273e+01
3.687500000000409983e+01
3.690625000000410694e+01
3.693750000000411404e+01
3.696875000000412115e+01
3.700000000000412825e+01
3.703125000000413536e+01
3.706250000000414246e+01
3.709375000000414957e+01
3.712500000000415668e+01
3.715625000000416378e+01
3.718750000000417089e+01
3.721875000000417799e+01
3.725000000000418510e+01
3.728125000000419220e+01
3.731250000000419931e+01
3.734375000000420641e+01
3.737500000000421352e+01
3.740625000000422062e+01
3.743750000000422773e+01
3.746875000000423483e+01
3.750000000000424194e+01
3.753125000000424905e+01
3.756250000000425615e+01
3.759375000000426326e+01
3.762500000000427036e+01
3.765625000000427747e+01
3.768750000000428457e+01
3.771875000000429168e+01
3.775000000000429878e+01
3.778125000000430589e+01
3.781250000000431299e+01
3.784375000000432010e+01
3.787500000000432721e+01
3.790625000000433431e+01
3.793750000000434142e+01
3.796875000000434852e+01
3.800000000000435563e+01
3.803125000000436273e+01
3.806250000000436984e+01
3.809375000000437694e+01
3.812500000000438405e+01
3.815625000000439115e+01
3.818750000000439826e+01
3.821875000000440536e+01
3.825000000000441247e+01
3.828125000000441958e+01
3.831250000000442668e+01
3.834375000000443379e+01
3.837500000000444089e+01
3.840625000000444800e+01
3.843750000000445510e+01
3.846875000000446221e+01
3.850000000000446931e+01
3.853125000000447642e+01
3.856250000000448352e+01
3.859375000000449063e+01
3.862500000000449774e+01
3.865625000000450484e+01
3.868750000000451195e+01
3.871875000000451905e+01
3.875000000000452616e+01
3.878125000000453326e+01
3.881250000000454037e+01
3.884375000000454747e+01
3.887500000000455458e+01
3.890625000000456168e+01
3.893750000000456879e+01
3.896875000000457590e+01
3.900000000000458300e+01
3.903125000000459011e+01
3.906250000000459721e+01
3.909375000000460432e+01
3.912500000000461142e+01
3.915625000000461853e+01
3.918750000000462563e+01
3.921875000000463274e+01
3.925000000000463984e+01
3.928125000000464695e+01
3.931250000000465405e+01
3.934375000000466116e+01
3.937500000000466827e+01
3.940625000000467537e+01
3.943750000000468248e+01
3.946875000000468958e+01
3.950000000000469669e+01
3.953125000000470379e+01
3.956250000000471090e+01
3.959375000000471800e+01
3.962500000000472511e+01
3.965625000000473221e+01
3.968750000000473932e+01
3.971875000000474643e+01
3.975000000000475353e+01
3.978125000000476064e+01
3.981250000000476774e+01
3.984375000000477485e+01
3.987500000000478195e+01
3.990625000000478906e+01
3.993750000000479616e+01
3.996875000000480327e+01
4.000000000000481037e+01
4.003125000000481748e+01
4.006250000000482459e+01
4.009375000000483169e+01
4.012500000000483880e+01
4.015625000000484590e+01
4.018750000000485301e+01
4.021875000000486011e+01
4.025000000000486722e+01
4.028125000000487432e+01
4.031250000000488143e+01
4.034375000000488853e+01
4.037500000000489564e+01
4.040625000000490274e+01
4.043750000000490985e+01
4.046875000000491696e+01
4.050000000000492406e+01
4.053125000000493117e+01
4.056250000000493827e+01
4.059375000000494538e+01
4.062500000000495248e+01
4.065625000000495959e+01
4.068750000000496669e+01
4.071875000000497380e+01
4.075000000000498090e+01
4.078125000000498801e+01
4.081250000000499512e+01
4.084375000000500222e+01
4.087500000000500933e+01
4.090625000000501643e+01
4.093750000000502354e+01
4.096875000000503064e+01
4.100000000000503775e+01
4.103125000000504485e+01
4.106250000000505196e+01
4.109375000000505906e+01
4.112500000000506617e+01
4.115625000000507328e+01
4.118750000000508038e+01
4.121875000000508749e+01
4.125000000000509459e+01
4.128125000000510170e+01
4.131250000000510880e+01
4.134375000000511591e+01
4.137500000000512301e+01
4.140625000000513012e+01
4.143750000000513722e+01
4.146875000000514433e+01
4.150000000000515143e+01
4.153125000000515854e+01
4.156250000000516565e+01
4.159375000000517275e+01
4.162500000000517986e+01
4.165625000000518696e+01
4.168750000000519407e+01
4.171875000000520117e+01
4.175000000000520828e+01
4.178125000000521538e+01
4.181250000000522249e+01
4.184375000000522959e+01
4.187500000000523670e+01
4.190625000000524381e+01
4.193750000000525091e+01
4.196875000000525802e+01
4.200000000000526512e+01
4.203125000000527223e+01
4.206250000000527933e+01
4.209375000000528644e+01
4.212500000000529354e+01
4.215625000000530065e+01
4.218750000000530775e+01
4.221875000000531486e+01
4.225000000000532197e+01
4.228125000000532907e+01
4.231250000000533618e+01
4.234375000000534328e+01
4.237500000000535039e+01
4.240625000000535749e+01
4.243750000000536460e+01
4.246875000000537170e+01
4.250000000000537881e+01
4.253125000000538591e+01
4.256250000000539302e+01
4.259375000000540012e+01
4.262500000000540723e+01
4.265625000000541434e+01
4.268750000000542144e+01
4.271875000000542855e+01
4.275000000000543565e+01
4.278125000000544276e+01
4.281250000000544986e+01
4.284375000000545697e+01
4.287500000000546407e+01
4.290625000000547118e+01
4.293750000000547828e+01
4.296875000000548539e+01
4.300000000000549250e+01
4.303125000000549960e+01
4.306250000000550671e+01
4.309375000000551381e+01
4.312500000000552092e+01
4.315625000000552802e+01
4.318750000000553513e+01
4.321875000000554223e+01
4.325000000000554934e+01
4.328125000000555644e+01
4.331250000000556355e+01
4.334375000000557066e+01
4.337500000000557776e+01
4.340625000000558487e+01
4.343750000000559197e+01
4.346875000000559908e+01
4.350000000000560618e+01
4.353125000000561329e+01
4.356250000000562039e+01
4.359375000000562750e+01
4.362500000000563460e+01
4.365625000000564171e+01
4.368750000000564881e+01
4.371875000000565592e+01
4.375000000000566303e+01
4.378125000000567013e+01
4.381250000000567724e+01
4.384375000000568434e+01
4.387500000000569145e+01
4.390625000000569855e+01
4.393750000000570566e+01
4.396875000000571276e+01
4.400000000000571987e+01
4.403125000000572697e+01
4.406250000000573408e+01
4.409375000000574119e+01
4.412500000000574829e+01
4.415625000000575540e+01
4.418750000000576250e+01
4.421875000000576961e+01
4.425000000000577671e+01
4.428125000000578382e+01
4.431250000000579092e+01
4.434375000000579803e+01
4.437500000000580513e+01
4.440625000000581224e+01
4.443750000000581935e+01
4.446875000000582645e+01
4.450000000000583356e+01
4.453125000000584066e+01
4.456250000000584777e+01
4.459375000000585487e+01
4.462500000000586198e+01
4.465625000000586908e+01
4.468750000000587619e+01
4.471875000000588329e+01
4.475000000000589040e+01
4.478125000000589750e+01
4.481250000000590461e+01
4.484375000000591172e+01
4.487500000000591882e+01
4.490625000000592593e+01
4.493750000000593303e+01
4.496875000000594014e+01
4.500000000000594724e+01
4.503125000000595435e+01
4.506250000000596145e+01
4.509375000000596856e+01
4.512500000000597566e+01
4.515625000000598277e+01
4.518750000000598988e+01
4.521875000000599698e+01
4.525000000000600409e+01
4.528125000000601119e+01
4.531250000000601830e+01
4.534375000000602540e+01
4.537500000000603251e+01
4.540625000000603961e+01
4.543750000000604672e+01
4.546875000000605382e+01
4.550000000000606093e+01
4.553125000000606803e+01
4.556250000000607514e+01
4.559375000000608225e+01
4.562500000000608935e+01
4.565625000000609646e+01
4.568750000000610356e+01
4.571875000000611067e+01
4.575000000000611777e+01
4.578125000000612488e+01
4.581250000000613198e+01
4.584375000000613909e+01
4.587500000000614619e+01
4.590625000000615330e+01
4.593750000000616041e+01
4.596875000000616751e+01
4.600000000000617462e+01
4.603125000000618172e+01
4.606250000000618883e+01
4.609375000000619593e+01
4.612500000000620304e+01
4.615625000000621014e+01
4.618750000000621725e+01
4.621875000000622435e+01
4.625000000000623146e+01
4.628125000000623857e+01
4.631250000000624567e+01
4.634375000000625278e+01
4.637500000000625988e+01
4.640625000000626699e+01
4.643750000000627409e+01
4.646875000000628120e+01
4.650000000000628830e+01
4.653125000000629541e+01
4.656250000000630251e+01
4.659375000000630962e+01
4.662500000000631672e+01
4.665625000000632383e+01
4.668750000000633094e+01
4.671875000000633804e+01
4.675000000000634515e+01
4.678125000000635225e+01
4.681250000000635936e+01
4.684375000000636646e+01
4.687500000000637357e+01
4.690625000000638067e+01
4.693750000000638778e+01
4.696875000000639488e+01
4.700000000000640199e+01
4.703125000000640910e+01
4.706250000000641620e+01
4.709375000000642331e+01
4.712500000000643041e+01
4.715625000000643752e+01
4.718750000000644462e+01
4.721875000000645173e+01
4.725000000000645883e+01
4.728125000000646594e+01
4.731250000000647304e+01
4.734375000000648015e+01
4.737500000000648726e+01
4.740625000000649436e+01
4.743750000000650147e+01
4.746875000000650857e+01
4.750000000000651568e+01
4.753125000000652278e+01
4.756250000000652989e+01
4.759375000000653699e+01
4.762500000000654410e+01
4.765625000000655120e+01
4.768750000000655831e+01
4.771875000000656541e+01
4.775000000000657252e+01
4.778125000000657963e+01
4.781250000000658673e+01
4.784375000000659384e+01
4.787500000000660094e+01
4.790625000000660805e+01
4.793750000000661515e+01
4.796875000000662226e+01
4.800000000000662936e+01
4.803125000000663647e+01
4.806250000000664357e+01
4.809375000000665068e+01
4.812500000000665779e+01
4.815625000000666489e+01
4.818750000000667200e+01
4.821875000000667910e+01
4.825000000000668621e+01
4.828125000000669331e+01
4.831250000000670042e+01
4.834375000000670752e+01
4.837500000000671463e+01
4.840625000000672173e+01
4.843750000000672884e+01
4.846875000000673595e+01
4.850000000000674305e+01
4.853125000000675016e+01
4.856250000000675726e+01
4.859375000000676437e+01
4.862500000000677147e+01
4.865625000000677858e+01
4.868750000000678568e+01
4.871875000000679279e+01
4.875000000000679989e+01
4.878125000000680700e+01
4.881250000000681410e+01
4.884375000000682121e+01
4.887500000000682832e+01
4.890625000000683542e+01
4.893750000000684253e+01
4.896875000000684963e+01
4.900000000000685674e+01
4.903125000000686384e+01
4.906250000000687095e+01
4.909375000000687805e+01
4.912500000000688516e+01
4.915625000000689226e+01
4.918750000000689937e+01
4.921875000000690648e+01
4.925000000000691358e+01
4.928125000000692069e+01
4.931250000000692779e+01
4.934375000000693490e+01
4.937500000000694200e+01
4.940625000000694911e+01
4.943750000000695621e+01
4.946875000000696332e+01
4.950000000000697042e+01
4.953125000000697753e+01
4.956250000000698464e+01
4.959375000000699174e+01
4.962500000000699885e+01
4.965625000000700595e+01
4.968750000000701306e+01
4.971875000000702016e+01
4.975000000000702727e+01
4.978125000000703437e+01
4.981250000000704148e+01
4.984375000000704858e+01
4.987500000000705569e+01
4.990625000000706279e+01
4.993750000000706990e+01
4.996875000000707701e+01
5.000000000000708411e+01
5.003125000000709122e+01
5.006250000000709832e+01
5.009375000000710543e+01
5.012500000000711253e+01
5.015625000000711964e+01
5.018750000000712674e+01
5.021875000000713385e+01
5.025000000000714095e+01
5.028125000000714806e+01
5.031250000000715517e+01
5.034375000000716227e+01
5.037500000000716938e+01
5.040625000000717648e+01
5.043750000000718359e+01
5.046875000000719069e+01
5.050000000000719780e+01
5.053125000000720490e+01
5.056250000000721201e+01
5.059375000000721911e+01
5.062500000000722622e+01
5.065625000000723333e+01
5.068750000000724043e+01
5.071875000000724754e+01
5.075000000000725464e+01
5.078125000000726175e+01
5.081250000000726885e+01
5.084375000000727596e+01
5.087500000000728306e+01
5.090625000000729017e+01
5.093750000000729727e+01
5.096875000000730438e+01
5.100000000000731148e+01
5.103125000000731859e+01
5.106250000000732570e+01
5.109375000000733280e+01
5.112500000000733991e+01
5.115625000000734701e+01
5.118750000000735412e+01
5.121875000000736122e+01
5.125000000000736833e+01
5.128125000000737543e+01
5.131250000000738254e+01
5.134375000000738964e+01
5.137500000000739675e+01
5.140625000000740386e+01
5.143750000000741096e+01
5.146875000000741807e+01
5.150000000000742517e+01
5.153125000000743228e+01
5.156250000000743938e+01
5.159375000000744649e+01
5.162500000000745359e+01
5.165625000000746070e+01
5.168750000000746780e+01
5.171875000000747491e+01
5.175000000000748202e+01
5.178125000000748912e+01
5.181250000000749623e+01
5.184375000000750333e+01
5.187500000000751044e+01
5.190625000000751754e+01
5.193750000000752465e+01
5.196875000000753175e+01
5.200000000000753886e+01
5.203125000000754596e+01
5.206250000000755307e+01
5.209375000000756017e+01
5.212500000000756728e+01
5.215625000000757439e+01
5.218750000000758149e+01
5.221875000000758860e+01
5.225000000000759570e+01
5.228125000000760281e+01
5.231250000000760991e+01
5.234375000000761702e+01
5.237500000000762412e+01
5.240625000000763123e+01
5.243750000000763833e+01
5.246875000000764544e+01
5.250000000000765255e+01
5.253125000000765965e+01
5.256250000000766676e+01
5.259375000000767386e+01
5.262500000000768097e+01
5.265625000000768807e+01
5.268750000000769518e+01
5.271875000000770228e+01
5.275000000000770939e+01
5.278125000000771649e+01
5.281250000000772360e+01
5.284375000000773070e+01
5.287500000000773781e+01
5.290625000000774492e+01
5.293750000000775202e+01
5.296875000000775913e+01
5.300000000000776623e+01
5.303125000000777334e+01
5.306250000000778044e+01
5.309375000000778755e+01
5.312500000000779465e+01
5.315625000000780176e+01
5.318750000000780886e+01
5.321875000000781597e+01
5.325000000000782308e+01
5.328125000000783018e+01
5.331250000000783729e+01
5.334375000000784439e+01
5.337500000000785150e+01
5.340625000000785860e+01
5.343750000000786571e+01
5.346875000000787281e+01
5.350000000000787992e+01
5.353125000000788702e+01
5.356250000000789413e+01
5.359375000000790124e+01
5.362500000000790834e+01
5.365625000000791545e+01
5.368750000000792255e+01
5.371875000000792966e+01
5.375000000000793676e+01
5.378125000000794387e+01
5.381250000000795097e+01
5.384375000000795808e+01
5.387500000000796518e+01
5.390625000000797229e+01
5.393750000000797939e+01
5.396875000000798650e+01
5.400000000000799361e+01
5.403125000000800071e+01
5.406250000000800782e+01
5.409375000000801492e+01
5.412500000000802203e+01
5.415625000000802913e+01
5.418750000000803624e+01
5.421875000000804334e+01
5.425000000000805045e+01
5.428125000000805755e+01
5.431250000000806466e+01
5.434375000000807177e+01
5.437500000000807887e+01
5.440625000000808598e+01
5.443750000000809308e+01
5.446875000000810019e+01
5.450000000000810729e+01
5.453125000000811440e+01
5.456250000000812150e+01
5.459375000000812861e+01
5.462500000000813571e+01
5.465625000000814282e+01
5.468750000000814993e+01
5.471875000000815703e+01
5.475000000000816414e+01
5.478125000000817124e+01
5.481250000000817835e+01
5.484375000000818545e+01
5.487500000000819256e+01
5.490625000000819966e+01
5.493750000000820677e+01
5.496875000000821387e+01
5.500000000000822098e+01
5.503125000000822808e+01
5.506250000000823519e+01
5.509375000000824230e+01
5.512500000000824940e+01
5.515625000000825651e+01
5.518750000000826361e+01
5.521875000000827072e+01
5.525000000000827782e+01
5.528125000000828493e+01
5.531250000000829203e+01
5.534375000000829914e+01
5.537500000000830624e+01
5.540625000000831335e+01
5.543750000000832046e+01
5.546875000000832756e+01
5.550000000000833467e+01
5.553125000000834177e+01
5.556250000000834888e+01
5.559375000000835598e+01
5.562500000000836309e+01
5.565625000000837019e+01
5.568750000000837730e+01
5.571875000000838440e+01
5.575000000000839151e+01
5.578125000000839862e+01
5.581250000000840572e+01
5.584375000000841283e+01
5.587500000000841993e+01
5.590625000000842704e+01
5.593750000000843414e+01
5.596875000000844125e+01
5.600000000000844835e+01
5.603125000000845546e+01
5.606250000000846256e+01
5.609375000000846967e+01
5.612500000000847677e+01
5.615625000000848388e+01
5.618750000000849099e+01
5.621875000000849809e+01
5.625000000000850520e+01
5.628125000000851230e+01
5.631250000000851941e+01
5.634375000000852651e+01
5.637500000000853362e+01
5.640625000000854072e+01
5.643750000000854783e+01
5.646875000000855493e+01
5.650000000000856204e+01
5.653125000000856915e+01
5.656250000000857625e+01
5.659375000000858336e+01
5.662500000000859046e+01
5.665625000000859757e+01
5.668750000000860467e+01
5.671875000000861178e+01
5.675000000000861888e+01
5.678125000000862599e+01
5.681250000000863309e+01
5.684375000000864020e+01
5.687500000000864731e+01
5.690625000000865441e+01
5.693750000000866152e+01
5.696875000000866862e+01
5.700000000000867573e+01
5.703125000000868283e+01
5.706250000000868994e+01
5.709375000000869704e+01
5.712500000000870415e+01
5.715625000000871125e+01
5.718750000000871836e+01
5.721875000000872546e+01
5.725000000000873257e+01
5.728125000000873968e+01
5.731250000000874678e+01
5.734375000000875389e+01
5.737500000000876099e+01
5.740625000000876810e+01
5.743750000000877520e+01
5.746875000000878231e+01
5.750000000000878941e+01
5.753125000000879652e+01
5.756250000000880362e+01
5.759375000000881073e+01
5.762500000000881784e+01
5.765625000000882494e+01
5.768750000000883205e+01
5.771875000000883915e+01
5.775000000000884626e+01
5.778125000000885336e+01
5.781250000000886047e+01
5.784375000000886757e+01
5.787500000000887468e+01
5.790625000000888178e+01
5.793750000000888889e+01
5.796875000000889600e+01
5.800000000000890310e+01
5.803125000000891021e+01
5.806250000000891731e+01
5.809375000000892442e+01
5.812500000000893152e+01
5.815625000000893863e+01
5.818750000000894573e+01
5.821875000000895284e+01
5.825000000000895994e+01
5.828125000000896705e+01
5.831250000000897415e+01
5.834375000000898126e+01
5.837500000000898837e+01
5.840625000000899547e+01
5.843750000000900258e+01
5.846875000000900968e+01
5.850000000000901679e+01
5.853125000000902389e+01
5.856250000000903100e+01
5.859375000000903810e+01
5.862500000000904521e+01
5.865625000000905231e+01
5.868750000000905942e+01
5.871875000000906653e+01
5.875000000000907363e+01
5.878125000000908074e+01
5.881250000000908784e+01
5.884375000000909495e+01
5.887500000000910205e+01
5.890625000000910916e+01
5.893750000000911626e+01
5.896875000000912337e+01
5.900000000000913047e+01
5.903125000000913758e+01
5.906250000000914469e+01
5.909375000000915179e+01
5.912500000000915890e+01
5.915625000000916600e+01
5.918750000000917311e+01
5.921875000000918021e+01
5.925000000000918732e+01
5.928125000000919442e+01
5.931250000000920153e+01
5.934375000000920863e+01
5.937500000000921574e+01
5.940625000000922284e+01
5.943750000000922995e+01
5.946875000000923706e+01
5.950000000000924416e+01
5.953125000000925127e+01
5.956250000000925837e+01
5.959375000000926548e+01
5.962500000000927258e+01
5.965625000000927969e+01
5.968750000000928679e+01
5.971875000000929390e+01
5.975000000000930100e+01
5.978125000000930811e+01
5.981250000000931522e+01
5.984375000000932232e+01
5.987500000000932943e+01
5.990625000000933653e+01
5.993750000000934364e+01
5.996875000000935074e+01
6.000000000000935785e+01
6.003125000000936495e+01
6.006250000000937206e+01
6.009375000000937916e+01
6.012500000000938627e+01
6.015625000000939337e+01
6.018750000000940048e+01
6.021875000000940759e+01
6.025000000000941469e+01
6.028125000000942180e+01
6.031250000000942890e+01
6.034375000000943601e+01
6.037500000000944311e+01
6.040625000000945022e+01
6.043750000000945732e+01
6.046875000000946443e+01
6.050000000000947153e+01
6.053125000000947864e+01
6.056250000000948575e+01
6.059375000000949285e+01
6.062500000000949996e+01
6.065625000000950706e+01
6.068750000000951417e+01
6.071875000000952127e+01
6.075000000000952838e+01
6.078125000000953548e+01
6.081250000000954259e+01
6.084375000000954969e+01
6.087500000000955680e+01
6.090625000000956391e+01
6.093750000000957101e+01
6.096875000000957812e+01
6.100000000000958522e+01
6.103125000000959233e+01
6.106250000000959943e+01
6.109375000000960654e+01
6.112500000000961364e+01
6.115625000000962075e+01
6.118750000000962785e+01
6.121875000000963496e+01
6.125000000000964206e+01
6.128125000000964917e+01
6.131250000000965628e+01
6.134375000000966338e+01
6.137500000000967049e+01
6.140625000000967759e+01
6.143750000000968470e+01
6.146875000000969180e+01
6.150000000000969891e+01
6.153125000000970601e+01
6.156250000000971312e+01
6.159375000000972022e+01
6.162500000000972733e+01
6.165625000000973444e+01
6.168750000000974154e+01
6.171875000000974865e+01
6.175000000000975575e+01
6.178125000000976286e+01
6.181250000000976996e+01
6.184375000000977707e+01
6.187500000000978417e+01
6.190625000000979128e+01
6.193750000000979838e+01
6.196875000000980549e+01
6.200000000000981260e+01
6.203125000000981970e+01
6.206250000000982681e+01
6.209375000000983391e+01
6.212500000000984102e+01
6.215625000000984812e+01
6.218750000000985523e+01
6.221875000000986233e+01
6.225000000000986944e+01
6.228125000000987654e+01
6.231250000000988365e+01
6.234375000000989075e+01
6.237500000000989786e+01
6.240625000000990497e+01
6.243750000000991207e+01
6.246875000000991918e+01
6.250000000000992628e+01
6.253125000000993339e+01
6.256250000000994049e+01
6.259375000000994760e+01
6.262500000000995470e+01
6.265625000000996181e+01
6.268750000000996891e+01
6.271875000000997602e+01
6.275000000000998313e+01
6.278125000000999023e+01
6.281250000000999734e+01
6.284375000001000444e+01
6.287500000001001155e+01
6.290625000001001865e+01
6.293750000001002576e+01
6.296875000001003286e+01
6.300000000001003997e+01
6.303125000001004707e+01
6.306250000001005418e+01
6.309375000001006129e+01
6.312500000001006839e+01
6.315625000001007550e+01
6.318750000001008260e+01
6.321875000001008971e+01
6.325000000001009681e+01
6.328125000001010392e+01
6.331250000001011102e+01
6.334375000001011813e+01
6.337500000001012523e+01
6.340625000001013234e+01
6.343750000001013944e+01
6.346875000001014655e+01
6.350000000001015366e+01
6.353125000001016076e+01
6.356250000001016787e+01
6.359375000001017497e+01
6.362500000001018208e+01
6.365625000001018918e+01
6.368750000001019629e+01
6.371875000001020339e+01
6.375000000001021050e+01
6.378125000001021760e+01
6.381250000001022471e+01
6.384375000001023182e+01
6.387500000001023892e+01
6.390625000001024603e+01
6.393750000001025313e+01
6.396875000001026024e+01
6.400000000001026024e+01
6.403125000001023182e+01
6.406250000001020339e+01
6.409375000001017497e+01
6.412500000001014655e+01
6.415625000001011813e+01
6.418750000001008971e+01
6.421875000001006129e+01
6.425000000001003286e+01
6.428125000001000444e+01
6.431250000000997602e+01
6.434375000000994760e+01
6.437500000000991918e+01
6.440625000000989075e+01
6.443750000000986233e+01
6.446875000000983391e+01
6.450000000000980549e+01
6.453125000000977707e+01
6.456250000000974865e+01
6.459375000000972022e+01
6.462500000000969180e+01
6.465625000000966338e+01
6.468750000000963496e+01
6.471875000000960654e+01
6.475000000000957812e+01
6.478125000000954969e+01
6.481250000000952127e+01
6.484375000000949285e+01
6.487500000000946443e+01
6.490625000000943601e+01
6.493750000000940759e+01
6.496875000000937916e+01
6.500000000000935074e+01
6.503125000000932232e+01
6.506250000000929390e+01
6.509375000000926548e+01
6.512500000000923706e+01
6.515625000000920863e+01
6.518750000000918021e+01
6.521875000000915179e+01
6.525000000000912337e+01
6.528125000000909495e+01
6.531250000000906653e+01
6.534375000000903810e+01
6.537500000000900968e+01
6.540625000000898126e+01
6.543750000000895284e+01
6.546875000000892442e+01
6.550000000000889600e+01
6.553125000000886757e+01
6.556250000000883915e+01
6.559375000000881073e+01
6.562500000000878231e+01
6.565625000000875389e+01
6.568750000000872546e+01
6.571875000000869704e+01
6.575000000000866862e+01
6.578125000000864020e+01
6.581250000000861178e+01
6.584375000000858336e+01
6.587500000000855493e+01
6.590625000000852651e+01
6.593750000000849809e+01
6.596875000000846967e+01
6.600000000000844125e+01
6.603125000000841283e+01
6.606250000000838440e+01
6.609375000000835598e+01
6.612500000000832756e+01
6.615625000000829914e+01
6.618750000000827072e+01
6.621875000000824230e+01
6.625000000000821387e+01
6.628125000000818545e+01
6.631250000000815703e+01
6.634375000000812861e+01
6.637500000000810019e+01
6.640625000000807177e+01
6.643750000000804334e+01
6.646875000000801492e+01
6.650000000000798650e+01
6.653125000000795808e+01
6.656250000000792966e+01
6.659375000000790124e+01
6.662500000000787281e+01
6.665625000000784439e+01
6.668750000000781597e+01
6.671875000000778755e+01
6.675000000000775913e+01
6.678125000000773070e+01
6.681250000000770228e+01
6.684375000000767386e+01
6.687500000000764544e+01
6.690625000000761702e+01
6.693750000000758860e+01
6.696875000000756017e+01
6.700000000000753175e+01
6.703125000000750333e+01
6.706250000000747491e+01
6.709375000000744649e+01
6.712500000000741807e+01
6.715625000000738964e+01
6.718750000000736122e+01
6.721875000000733280e+01
6.725000000000730438e+01
6.728125000000727596e+01
6.731250000000724754e+01
6.734375000000721911e+01
6.737500000000719069e+01
6.740625000000716227e+01
6.743750000000713385e+01
6.746875000000710543e+01
6.750000000000707701e+01
6.753125000000704858e+01
6.756250000000702016e+01
6.759375000000699174e+01
6.762500000000696332e+01
6.765625000000693490e+01
6.768750000000690648e+01
6.771875000000687805e+01
6.775000000000684963e+01
6.778125000000682121e+01
6.781250000000679279e+01
6.784375000000676437e+01
6.787500000000673595e+01
6.790625000000670752e+01
6.793750000000667910e+01
6.796875000000665068e+01
6.800000000000662226e+01
6.803125000000659384e+01
6.806250000000656541e+01
6.809375000000653699e+01
6.812500000000650857e+01
6.815625000000648015e+01
6.818750000000645173e+01
6.821875000000642331e+01
6.825000000000639488e+01
6.828125000000636646e+01
6.831250000000633804e+01
6.834375000000630962e+01
6.837500000000628120e+01
6.840625000000625278e+01
6.843750000000622435e+01
6.846875000000619593e+01
6.850000000000616751e+01
6.853125000000613909e+01
6.856250000000611067e+01
6.859375000000608225e+01
6.862500000000605382e+01
6.865625000000602540e+01
6.868750000000599698e+01
6.871875000000596856e+01
6.875000000000594014e+01
6.878125000000591172e+01
6.881250000000588329e+01
6.884375000000585487e+01
6.887500000000582645e+01
6.890625000000579803e+01
6.893750000000576961e+01
6.896875000000574119e+01
6.900000000000571276e+01
6.903125000000568434e+01
6.906250000000565592e+01
6.909375000000562750e+01
6.912500000000559908e+01
6.915625000000557066e+01
6.918750000000554223e+01
6.921875000000551381e+01
6.925000000000548539e+01
6.928125000000545697e+01
6.931250000000542855e+01
6.934375000000540012e+01
6.937500000000537170e+01
6.940625000000534328e+01
6.943750000000531486e+01
6.946875000000528644e+01
6.950000000000525802e+01
6.953125000000522959e+01
6.956250000000520117e+01
6.959375000000517275e+01
6.962500000000514433e+01
6.965625000000511591e+01
6.968750000000508749e+01
6.971875000000505906e+01
6.975000000000503064e+01
6.978125000000500222e+01
6.981250000000497380e+01
6.984375000000494538e+01
6.987500000000491696e+01
6.990625000000488853e+01
6.993750000000486011e+01
6.996875000000483169e+01
7.000000000000480327e+01
7.003125000000477485e+01
7.006250000000474643e+01
7.009375000000471800e+01
7.012500000000468958e+01
7.015625000000466116e+01
7.018750000000463274e+01
7.021875000000460432e+01
7.025000000000457590e+01
7.028125000000454747e+01
7.031250000000451905e+01
7.034375000000449063e+01
7.037500000000446221e+01
7.040625000000443379e+01
7.043750000000440536e+01
7.046875000000437694e+01
7.050000000000434852e+01
7.053125000000432010e+01
7.056250000000429168e+01
7.059375000000426326e+01
7.062500000000423483e+01
7.065625000000420641e+01
7.068750000000417799e+01
7.071875000000414957e+01
7.075000000000412115e+01
7.078125000000409273e+01
7.081250000000406430e+01
7.084375000000403588e+01
7.087500000000400746e+01
7.090625000000397904e+01
7.093750000000395062e+01
7.096875000000392220e+01
7.100000000000389377e+01
7.103125000000386535e+01
7.106250000000383693e+01
7.109375000000380851e+01
7.112500000000378009e+01
7.115625000000375167e+01
7.118750000000372324e+01
7.121875000000369482e+01
7.125000000000366640e+01
7.128125000000363798e+01
7.131250000000360956e+01
7.134375000000358114e+01
7.137500000000355271e+01
7.140625000000352429e+01
7.143750000000349587e+01
7.146875000000346745e+01
7.150000000000343903e+01
7.153125000000341061e+01
7.156250000000338218e+01
7.159375000000335376e+01
7.162500000000332534e+01
7.165625000000329692e+01
7.168750000000326850e+01
7.171875000000324007e+01
7.175000000000321165e+01
7.178125000000318323e+01
7.181250000000315481e+01
7.184375000000312639e+01
7.187500000000309797e+01
7.190625000000306954e+01
7.193750000000304112e+01
7.196875000000301270e+01
7.200000000000298428e+01
7.203125000000295586e+01
7.206250000000292744e+01
7.209375000000289901e+01
7.212500000000287059e+01
7.215625000000284217e+01
7.218750000000281375e+01
7.221875000000278533e+01
7.225000000000275691e+01
7.228125000000272848e+01
7.231250000000270006e+01
7.234375000000267164e+01
7.237500000000264322e+01
7.240625000000261480e+01
7.243750000000258638e+01
7.246875000000255795e+01
7.250000000000252953e+01
7.253125000000250111e+01
7.256250000000247269e+01
7.259375000000244427e+01
7.262500000000241585e+01
7.265625000000238742e+01
7.268750000000235900e+01
7.271875000000233058e+01
7.275000000000230216e+01
7.278125000000227374e+01
7.281250000000224532e+01
7.284375000000221689e+01
7.287500000000218847e+01
7.290625000000216005e+01
7.293750000000213163e+01
7.296875000000210321e+01
7.300000000000207478e+01
7.303125000000204636e+01
7.306250000000201794e+01
7.309375000000198952e+01
7.312500000000196110e+01
7.315625000000193268e+01
7.318750000000190425e+01
7.321875000000187583e+01
7.325000000000184741e+01
7.328125000000181899e+01
7.331250000000179057e+01
7.334375000000176215e+01
7.337500000000173372e+01
7.340625000000170530e+01
7.343750000000167688e+01
7.346875000000164846e+01
7.350000000000162004e+01
7.353125000000159162e+01
7.356250000000156319e+01
7.359375000000153477e+01
7.362500000000150635e+01
7.365625000000147793e+01
7.368750000000144951e+01
7.371875000000142109e+01
7.375000000000139266e+01
7.378125000000136424e+01
7.381250000000133582e+01
7.384375000000130740e+01
7.387500000000127898e+01
7.390625000000125056e+01
7.393750000000122213e+01
7.396875000000119371e+01
7.400000000000116529e+01
7.403125000000113687e+01
7.406250000000110845e+01
7.409375000000108002e+01
7.412500000000105160e+01
7.415625000000102318e+01
7.418750000000099476e+01
7.421875000000096634e+01
7.425000000000093792e+01
7.428125000000090949e+01
7.431250000000088107e+01
7.434375000000085265e+01
7.437500000000082423e+01
7.440625000000079581e+01
7.443750000000076739e+01
7.446875000000073896e+01
7.450000000000071054e+01
7.453125000000068212e+01
7.456250000000065370e+01
7.459375000000062528e+01
7.462500000000059686e+01
7.465625000000056843e+01
7.468750000000054001e+01
7.471875000000051159e+01
7.475000000000048317e+01
7.478125000000045475e+01
7.481250000000042633e+01
7.484375000000039790e+01
7.487500000000036948e+01
7.490625000000034106e+01
7.493750000000031264e+01
7.496875000000028422e+01
7.500000000000025580e+01
7.503125000000022737e+01
7.506250000000019895e+01
7.509375000000017053e+01
7.512500000000014211e+01
7.515625000000011369e+01
7.518750000000008527e+01
7.521875000000005684e+01
7.525000000000002842e+01
7.528125000000000000e+01
7.531249999999997158e+01
7.534374999999994316e+01
7.537499999999991473e+01
7.540624999999988631e+01
7.543749999999985789e+01
7.546874999999982947e+01
7.549999999999980105e+01
7.553124999999977263e+01
7.556249999999974420e+01
7.559374999999971578e+01
7.562499999999968736e+01
7.565624999999965894e+01
7.568749999999963052e+01
7.571874999999960210e+01
7.574999999999957367e+01
7.578124999999954525e+01
7.581249999999951683e+01
7.584374999999948841e+01
7.587499999999945999e+01
7.590624999999943157e+01
7.593749999999940314e+01
7.596874999999937472e+01
7.599999999999934630e+01
7.603124999999931788e+01
7.606249999999928946e+01
7.609374999999926104e+01
7.612499999999923261e+01
7.615624999999920419e+01
7.618749999999917577e+01
7.621874999999914735e+01
7.624999999999911893e+01
7.628124999999909051e+01
7.631249999999906208e+01
7.634374999999903366e+01
7.637499999999900524e+01
7.640624999999897682e+01
7.643749999999894840e+01
7.646874999999891998e+01
7.649999999999889155e+01
7.653124999999886313e+01
7.656249999999883471e+01
7.659374999999880629e+01
7.662499999999877787e+01
7.665624999999874944e+01
7.668749999999872102e+01
7.671874999999869260e+01
7.674999999999866418e+01
7.678124999999863576e+01
7.681249999999860734e+01
7.684374999999857891e+01
7.687499999999855049e+01
7.690624999999852207e+01
7.693749999999849365e+01
7.696874999999846523e+01
7.699999999999843681e+01
7.703124999999840838e+01
7.706249999999837996e+01
7.709374999999835154e+01
7.712499999999832312e+01
7.715624999999829470e+01
7.718749999999826628e+01
7.721874999999823785e+01
7.724999999999820943e+01
7.728124999999818101e+01
7.731249999999815259e+01
7.734374999999812417e+01
7.737499999999809575e+01
7.740624999999806732e+01
7.743749999999803890e+01
7.746874999999801048e+01
7.749999999999798206e+01
7.753124999999795364e+01
7.756249999999792522e+01
7.759374999999789679e+01
7.762499999999786837e+01
7.765624999999783995e+01
7.768749999999781153e+01
7.771874999999778311e+01
7.774999999999775468e+01
7.778124999999772626e+01
7.781249999999769784e+01
7.784374999999766942e+01
7.787499999999764100e+01
7.790624999999761258e+01
7.793749999999758415e+01
7.796874999999755573e+01
7.799999999999752731e+01
7.803124999999749889e+01
7.806249999999747047e+01
7.809374999999744205e+01
7.812499999999741362e+01
7.815624999999738520e+01
7.818749999999735678e+01
7.821874999999732836e+01
7.824999999999729994e+01
7.828124999999727152e+01
7.831249999999724309e+01
7.834374999999721467e+01
7.837499999999718625e+01
7.840624999999715783e+01
7.843749999999712941e+01
7.846874999999710099e+01
7.849999999999707256e+01
7.853124999999704414e+01
7.856249999999701572e+01
7.859374999999698730e+01
7.862499999999695888e+01
7.865624999999693046e+01
7.868749999999690203e+01
7.871874999999687361e+01
7.874999999999684519e+01
7.878124999999681677e+01
7.881249999999678835e+01
7.884374999999675993e+01
7.887499999999673150e+01
7.890624999999670308e+01
7.893749999999667466e+01
7.896874999999664624e+01
7.899999999999661782e+01
7.903124999999658939e+01
7.906249999999656097e+01
7.909374999999653255e+01
7.912499999999650413e+01
7.915624999999647571e+01
7.918749999999644729e+01
7.921874999999641886e+01
7.924999999999639044e+01
7.928124999999636202e+01
7.931249999999633360e+01
7.934374999999630518e+01
7.937499999999627676e+01
7.940624999999624833e+01
7.943749999999621991e+01
7.946874999999619149e+01
7.949999999999616307e+01
7.953124999999613465e+01
7.956249999999610623e+01
7.959374999999607780e+01
7.962499999999604938e+01
7.965624999999602096e+01
7.968749999999599254e+01
7.971874999999596412e+01
7.974999999999593570e+01
7.978124999999590727e+01
7.981249999999587885e+01
7.984374999999585043e+01
7.987499999999582201e+01
7.990624999999579359e+01
7.993749999999576517e+01
7.996874999999573674e+01
7.999999999999570832e+01
8.003124999999567990e+01
8.006249999999565148e+01
8.009374999999562306e+01
8.012499999999559464e+01
8.015624999999556621e+01
8.018749999999553779e+01
8.021874999999550937e+01
8.024999999999548095e+01
8.028124999999545253e+01
8.031249999999542410e+01
8.034374999999539568e+01
8.037499999999536726e+01
8.040624999999533884e+01
8.043749999999531042e+01
8.046874999999528200e+01
8.049999999999525357e+01
8.053124999999522515e+01
8.056249999999519673e+01
8.059374999999516831e+01
8.062499999999513989e+01
8.065624999999511147e+01
8.068749999999508304e+01
8.071874999999505462e+01
8.074999999999502620e+01
8.078124999999499778e+01
8.081249999999496936e+01
8.084374999999494094e+01
8.087499999999491251e+01
8.090624999999488409e+01
8.093749999999485567e+01
8.096874999999482725e+01
8.099999999999479883e+01
8.103124999999477041e+01
8.106249999999474198e+01
8.109374999999471356e+01
8.112499999999468514e+01
8.115624999999465672e+01
8.118749999999462830e+01
8.121874999999459988e+01
8.124999999999457145e+01
8.128124999999454303e+01
8.131249999999451461e+01
8.134374999999448619e+01
8.137499999999445777e+01
8.140624999999442934e+01
8.143749999999440092e+01
8.146874999999437250e+01
8.149999999999434408e+01
8.153124999999431566e+01
8.156249999999428724e+01
8.159374999999425881e+01
8.162499999999423039e+01
8.165624999999420197e+01
8.168749999999417355e+01
8.171874999999414513e+01
8.174999999999411671e+01
8.178124999999408828e+01
8.181249999999405986e+01
8.184374999999403144e+01
8.187499999999400302e+01
8.190624999999397460e+01
8.193749999999394618e+01
8.196874999999391775e+01
8.199999999999388933e+01
8.203124999999386091e+01
8.206249999999383249e+01
8.209374999999380407e+01
8.212499999999377565e+01
8.215624999999374722e+01
8.218749999999371880e+01
8.221874999999369038e+01
8.224999999999366196e+01
8.228124999999363354e+01
8.231249999999360512e+01
8.234374999999357669e+01
8.237499999999354827e+01
8.240624999999351985e+01
8.243749999999349143e+01
8.246874999999346301e+01
8.249999999999343459e+01
8.253124999999340616e+01
8.256249999999337774e+01
8.259374999999334932e+01
8.262499999999332090e+01
8.265624999999329248e+01
8.268749999999326405e+01
8.271874999999323563e+01
8.274999999999320721e+01
8.278124999999317879e+01
8.281249999999315037e+01
8.284374999999312195e+01
8.287499999999309352e+01
8.290624999999306510e+01
8.293749999999303668e+01
8.296874999999300826e+01
8.299999999999297984e+01
8.303124999999295142e+01
8.306249999999292299e+01
8.309374999999289457e+01
8.312499999999286615e+01
8.315624999999283773e+01
8.318749999999280931e+01
8.321874999999278089e+01
8.324999999999275246e+01
8.328124999999272404e+01
8.331249999999269562e+01
8.334374999999266720e+01
8.337499999999263878e+01
8.340624999999261036e+01
8.343749999999258193e+01
8.346874999999255351e+01
8.349999999999252509e+01
8.353124999999249667e+01
8.356249999999246825e+01
8.359374999999243983e+01
8.362499999999241140e+01
8.365624999999238298e+01
8.368749999999235456e+01
8.371874999999232614e+01
8.374999999999229772e+01
8.378124999999226930e+01
8.381249999999224087e+01
8.384374999999221245e+01
8.387499999999218403e+01
8.390624999999215561e+01
8.393749999999212719e+01
8.396874999999209876e+01
8.399999999999207034e+01
8.403124999999204192e+01
8.406249999999201350e+01
8.409374999999198508e+01
8.412499999999195666e+01
8.415624999999192823e+01
8.418749999999189981e+01
8.421874999999187139e+01
8.424999999999184297e+01
8.428124999999181455e+01
8.431249999999178613e+01
8.434374999999175770e+01
8.437499999999172928e+01
8.440624999999170086e+01
8.443749999999167244e+01
8.446874999999164402e+01
8.449999999999161560e+01
8.453124999999158717e+01
8.456249999999155875e+01
8.459374999999153033e+01
8.462499999999150191e+01
8.465624999999147349e+01
8.468749999999144507e+01
8.471874999999141664e+01
8.474999999999138822e+01
8.478124999999135980e+01
8.481249999999133138e+01
8.484374999999130296e+01
8.487499999999127454e+01
8.490624999999124611e+01
8.493749999999121769e+01
8.496874999999118927e+01
8.499999999999116085e+01
8.503124999999113243e+01
8.506249999999110400e+01
8.509374999999107558e+01
8.512499999999104716e+01
8.515624999999101874e+01
8.518749999999099032e+01
8.521874999999096190e+01
8.524999999999093347e+01
8.528124999999090505e+01
8.531249999999087663e+01
8.534374999999084821e+01
8.537499999999081979e+01
8.540624999999079137e+01
8.543749999999076294e+01
8.546874999999073452e+01
8.549999999999070610e+01
8.553124999999067768e+01
8.556249999999064926e+01
8.559374999999062084e+01
8.562499999999059241e+01
8.565624999999056399e+01
8.568749999999053557e+01
8.571874999999050715e+01
8.574999999999047873e+01
8.578124999999045031e+01
8.581249999999042188e+01
8.584374999999039346e+01
8.587499999999036504e+01
8.590624999999033662e+01
8.593749999999030820e+01
8.596874999999027978e+01
8.599999999999025135e+01
8.603124999999022293e+01
8.606249999999019451e+01
8.609374999999016609e+01
8.612499999999013767e+01
8.615624999999010925e+01
8.618749999999008082e+01
8.621874999999005240e+01
8.624999999999002398e+01
8.628124999998999556e+01
8.631249999998996714e+01
8.634374999998993871e+01
8.637499999998991029e+01
8.640624999998988187e+01
8.643749999998985345e+01
8.646874999998982503e+01
8.649999999998979661e+01
8.653124999998976818e+01
8.656249999998973976e+01
8.659374999998971134e+01
8.662499999998968292e+01
8.665624999998965450e+01
8.668749999998962608e+01
8.671874999998959765e+01
8.674999999998956923e+01
8.678124999998954081e+01
8.681249999998951239e+01
8.684374999998948397e+01
8.687499999998945555e+01
8.690624999998942712e+01
8.693749999998939870e+01
8.696874999998937028e+01
8.699999999998934186e+01
8.703124999998931344e+01
8.706249999998928502e+01
8.709374999998925659e+01
8.712499999998922817e+01
8.715624999998919975e+01
8.718749999998917133e+01
8.721874999998914291e+01
8.724999999998911449e+01
8.728124999998908606e+01
8.731249999998905764e+01
8.734374999998902922e+01
8.737499999998900080e+01
8.740624999998897238e+01
8.743749999998894396e+01
8.746874999998891553e+01
8.749999999998888711e+01
8.753124999998885869e+01
8.756249999998883027e+01
8.759374999998880185e+01
8.762499999998877342e+01
8.765624999998874500e+01
8.768749999998871658e+01
8.771874999998868816e+01
8.774999999998865974e+01
8.778124999998863132e+01
8.781249999998860289e+01
8.784374999998857447e+01
8.787499999998854605e+01
8.790624999998851763e+01
8.793749999998848921e+01
8.796874999998846079e+01
8.799999999998843236e+01
8.803124999998840394e+01
8.806249999998837552e+01
8.809374999998834710e+01
8.812499999998831868e+01
8.815624999998829026e+01
8.818749999998826183e+01
8.821874999998823341e+01
8.824999999998820499e+01
8.828124999998817657e+01
8.831249999998814815e+01
8.834374999998811973e+01
8.837499999998809130e+01
8.840624999998806288e+01
8.843749999998803446e+01
8.846874999998800604e+01
8.849999999998797762e+01
8.853124999998794920e+01
8.856249999998792077e+01
8.859374999998789235e+01
8.862499999998786393e+01
8.865624999998783551e+01
8.868749999998780709e+01
8.871874999998777866e+01
8.874999999998775024e+01
8.878124999998772182e+01
8.881249999998769340e+01
8.884374999998766498e+01
8.887499999998763656e+01
8.890624999998760813e+01
8.893749999998757971e+01
8.896874999998755129e+01
8.899999999998752287e+01
8.903124999998749445e+01
8.906249999998746603e+01
8.909374999998743760e+01
8.912499999998740918e+01
8.915624999998738076e+01
8.918749999998735234e+01
8.921874999998732392e+01
8.924999999998729550e+01
8.928124999998726707e+01
8.931249999998723865e+01
8.934374999998721023e+01
8.937499999998718181e+01
8.940624999998715339e+01
8.943749999998712497e+01
8.946874999998709654e+01
8.949999999998706812e+01
8.953124999998703970e+01
8.956249999998701128e+01
8.959374999998698286e+01
8.962499999998695444e+01
8.965624999998692601e+01
8.968749999998689759e+01
8.971874999998686917e+01
8.974999999998684075e+01
8.978124999998681233e+01
8.981249999998678391e+01
8.984374999998675548e+01
8.987499999998672706e+01
8.990624999998669864e+01
8.993749999998667022e+01
8.996874999998664180e+01
8.999999999998661337e+01
9.003124999998658495e+01
9.006249999998655653e+01
9.009374999998652811e+01
9.012499999998649969e+01
9.015624999998647127e+01
9.018749999998644284e+01
9.021874999998641442e+01
9.024999999998638600e+01
9.028124999998635758e+01
9.031249999998632916e+01
9.034374999998630074e+01
9.037499999998627231e+01
9.040624999998624389e+01
9.043749999998621547e+01
9.046874999998618705e+01
9.049999999998615863e+01
9.053124999998613021e+01
9.056249999998610178e+01
9.059374999998607336e+01
9.062499999998604494e+01
9.065624999998601652e+01
9.068749999998598810e+01
9.071874999998595968e+01
9.074999999998593125e+01
9.078124999998590283e+01
9.081249999998587441e+01
9.084374999998584599e+01
9.087499999998581757e+01
9.090624999998578915e+01
9.093749999998576072e+01
9.096874999998573230e+01
9.099999999998570388e+01
9.103124999998567546e+01
9.106249999998564704e+01
9.109374999998561862e+01
9.112499999998559019e+01
9.115624999998556177e+01
9.118749999998553335e+01
9.121874999998550493e+01
9.124999999998547651e+01
9.128124999998544808e+01
9.131249999998541966e+01
9.134374999998539124e+01
9.137499999998536282e+01
9.140624999998533440e+01
9.143749999998530598e+01
9.146874999998527755e+01
9.149999999998524913e+01
9.153124999998522071e+01
9.156249999998519229e+01
9.159374999998516387e+01
9.162499999998513545e+01
9.165624999998510702e+01
9.168749999998507860e+01
9.171874999998505018e+01
9.174999999998502176e+01
9.178124999998499334e+01
9.181249999998496492e+01
9.184374999998493649e+01
9.187499999998490807e+01
9.190624999998487965e+01
9.193749999998485123e+01
9.196874999998482281e+01
9.199999999998479439e+01
9.203124999998476596e+01
9.206249999998473754e+01
9.209374999998470912e+01
9.212499999998468070e+01
9.215624999998465228e+01
9.218749999998462386e+01
9.221874999998459543e+01
9.224999999998456701e+01
9.228124999998453859e+01
9.231249999998451017e+01
9.234374999998448175e+01
9.237499999998445332e+01
9.240624999998442490e+01
9.243749999998439648e+01
9.246874999998436806e+01
9.249999999998433964e+01
9.253124999998431122e+01
9.256249999998428279e+01
9.259374999998425437e+01
9.262499999998422595e+01
9.265624999998419753e+01
9.268749999998416911e+01
9.271874999998414069e+01
9.274999999998411226e+01
9.278124999998408384e+01
9.281249999998405542e+01
9.284374999998402700e+01
9.287499999998399858e+01
9.290624999998397016e+01
9.293749999998394173e+01
9.296874999998391331e+01
9.299999999998388489e+01
9.303124999998385647e+01
9.306249999998382805e+01
9.309374999998379963e+01
9.312499999998377120e+01
9.315624999998374278e+01
9.318749999998371436e+01
9.321874999998368594e+01
9.324999999998365752e+01
9.328124999998362910e+01
9.331249999998360067e+01
9.334374999998357225e+01
9.337499999998354383e+01
9.340624999998351541e+01
9.343749999998348699e+01
9.346874999998345857e+01
9.349999999998343014e+01
9.353124999998340172e+01
9.356249999998337330e+01
9.359374999998334488e+01
9.362499999998331646e+01
9.365624999998328803e+01
9.368749999998325961e+01
9.371874999998323119e+01
9.374999999998320277e+01
9.378124999998317435e+01
9.381249999998314593e+01
9.384374999998311750e+01
9.387499999998308908e+01
9.390624999998306066e+01
9.393749999998303224e+01
9.396874999998300382e+01
9.399999999998297540e+01
9.403124999998294697e+01
9.406249999998291855e+01
9.409374999998289013e+01
9.412499999998286171e+01
9.415624999998283329e+01
9.418749999998280487e+01
9.421874999998277644e+01
9.424999999998274802e+01
9.428124999998271960e+01
9.431249999998269118e+01
9.434374999998266276e+01
9.437499999998263434e+01
9.440624999998260591e+01
9.443749999998257749e+01
9.446874999998254907e+01
9.449999999998252065e+01
9.453124999998249223e+01
9.456249999998246381e+01
9.459374999998243538e+01
9.462499999998240696e+01
9.465624999998237854e+01
9.468749999998235012e+01
9.471874999998232170e+01
9.474999999998229328e+01
9.478124999998226485e+01
9.481249999998223643e+01
9.484374999998220801e+01
9.487499999998217959e+01
9.490624999998215117e+01
9.493749999998212274e+01
9.496874999998209432e+01
9.499999999998206590e+01
9.503124999998203748e+01
9.506249999998200906e+01
9.509374999998198064e+01
9.512499999998195221e+01
9.515624999998192379e+01
9.518749999998189537e+01
9.521874999998186695e+01
9.524999999998183853e+01
9.528124999998181011e+01
9.531249999998178168e+01
9.534374999998175326e+01
9.537499999998172484e+01
9.540624999998169642e+01
9.543749999998166800e+01
9.546874999998163958e+01
9.549999999998161115e+01
9.553124999998158273e+01
9.556249999998155431e+01
9.559374999998152589e+01
9.562499999998149747e+01
9.565624999998146905e+01
9.568749999998144062e+01
9.571874999998141220e+01
9.574999999998138378e+01
9.578124999998135536e+01
9.581249999998132694e+01
9.584374999998129852e+01
9.587499999998127009e+01
9.590624999998124167e+01
9.593749999998121325e+01
9.596874999998118483e+01
9.599999999998115641e+01
9.603124999998112798e+01
9.606249999998109956e+01
9.609374999998107114e+01
9.612499999998104272e+01
9.615624999998101430e+01
9.618749999998098588e+01
9.621874999998095745e+01
9.624999999998092903e+01
9.628124999998090061e+01
9.631249999998087219e+01
9.634374999998084377e+01
9.637499999998081535e+01
9.640624999998078692e+01
9.643749999998075850e+01
9.646874999998073008e+01
9.649999999998070166e+01
9.653124999998067324e+01
9.656249999998064482e+01
9.659374999998061639e+01
9.662499999998058797e+01
9.665624999998055955e+01
9.668749999998053113e+01
9.671874999998050271e+01
9.674999999998047429e+01
9.678124999998044586e+01
9.681249999998041744e+01
9.684374999998038902e+01
9.687499999998036060e+01
9.690624999998033218e+01
9.693749999998030376e+01
9.696874999998027533e+01
9.699999999998024691e+01
9.703124999998021849e+01
9.706249999998019007e+01
9.709374999998016165e+01
9.712499999998013323e+01
9.715624999998010480e+01
9.718749999998007638e+01
9.721874999998004796e+01
9.724999999998001954e+01
9.728124999997999112e+01
9.731249999997996269e+01
9.734374999997993427e+01
9.737499999997990585e+01
9.740624999997987743e+01
9.743749999997984901e+01
9.746874999997982059e+01
9.749999999997979216e+01
9.753124999997976374e+01
9.756249999997973532e+01
9.759374999997970690e+01
9.762499999997967848e+01
9.765624999997965006e+01
9.768749999997962163e+01
9.771874999997959321e+01
9.774999999997956479e+01
9.778124999997953637e+01
9.781249999997950795e+01
9.784374999997947953e+01
9.787499999997945110e+01
9.790624999997942268e+01
9.793749999997939426e+01
9.796874999997936584e+01
9.799999999997933742e+01
9.803124999997930900e+01
9.806249999997928057e+01
9.809374999997925215e+01
9.812499999997922373e+01
9.815624999997919531e+01
9.818749999997916689e+01
9.821874999997913847e+01
9.824999999997911004e+01
9.828124999997908162e+01
9.831249999997905320e+01
9.834374999997902478e+01
9.837499999997899636e+01
9.840624999997896794e+01
9.843749999997893951e+01
9.846874999997891109e+01
9.849999999997888267e+01
9.853124999997885425e+01
9.856249999997882583e+01
9.859374999997879740e+01
9.862499999997876898e+01
9.865624999997874056e+01
9.868749999997871214e+01
9.871874999997868372e+01
9.874999999997865530e+01
9.878124999997862687e+01
9.881249999997859845e+01
9.884374999997857003e+01
9.887499999997854161e+01
9.890624999997851319e+01
9.893749999997848477e+01
9.896874999997845634e+01
9.899999999997842792e+01
9.903124999997839950e+01
9.906249999997837108e+01
9.909374999997834266e+01
9.912499999997831424e+01
9.915624999997828581e+01
9.918749999997825739e+01
9.921874999997822897e+01
9.924999999997820055e+01
9.928124999997817213e+01
9.931249999997814371e+01
9.934374999997811528e+01
9.937499999997808686e+01
9.940624999997805844e+01
9.943749999997803002e+01
9.946874999997800160e+01
9.949999999997797318e+01
9.953124999997794475e+01
9.956249999997791633e+01
9.959374999997788791e+01
9.962499999997785949e+01
9.965624999997783107e+01
9.968749999997780264e+01
9.971874999997777422e+01
9.974999999997774580e+01
9.978124999997771738e+01
9.981249999997768896e+01
9.984374999997766054e+01
9.987499999997763211e+01
9.990624999997760369e+01
9.993749999997757527e+01
9.996874999997754685e+01
9.999999999997751843e+01
